ORFlength	 absolute_frequency
384	1
33	130
90	40
276	5
63	67
21	123
102	43
336	1
324	4
180	7
99	29
18	131
366	2
162	23
72	52
264	2
255	1
297	1
246	2
240	3
27	145
84	53
57	72
108	24
243	5
231	5
201	5
462	1
414	1
189	15
225	9
342	1
207	6
78	41
48	75
294	1
87	41
174	9
93	43
378	2
123	29
261	3
39	84
210	11
291	3
138	18
114	26
12	145
396	1
258	8
153	21
15	133
81	46
60	88
45	100
66	74
54	72
237	6
306	3
204	7
309	1
165	10
198	5
129	22
435	1
315	3
375	1
30	117
144	21
186	11
141	19
222	2
147	11
252	2
120	16
228	3
156	19
75	48
303	1
273	4
192	11
249	4
168	11
135	25
345	1
348	2
69	48
177	8
24	111
285	2
150	13
234	5
282	2
267	2
42	88
219	5
399	1
318	4
96	41
105	34
126	23
159	13
6	159
369	1
36	114
213	4
183	13
51	78
9	188
111	26
216	5
411	1
357	2
132	22
117	38
270	5
171	9
195	12

