startPos	endPos	length
203994	204162	168
157803	158013	210
152063	152108	45
82290	82353	63
199896	199911	15
111526	111544	18
60973	61000	27
46216	46285	69
138158	138293	135
93520	93532	12
181722	181797	75
153007	153139	132
88273	88402	129
112732	112765	33
212853	212910	57
65225	65240	15
18323	18422	99
206420	206486	66
221339	221504	165
176970	177177	207
72746	72794	48
228343	228349	6
84859	84994	135
42766	42982	216
45593	45617	24
130377	130452	75
52880	52928	48
152349	152427	78
182007	182016	9
192749	192902	153
83365	83383	18
76082	76109	27
64041	64077	36
23410	23500	90
82365	82497	132
71096	71150	54
60647	60701	54
14157	14226	69
28508	28634	126
94750	94786	36
76910	76964	54
203971	203992	21
140679	140685	6
41364	41409	45
131638	131698	60
39970	40024	54
193598	193724	126
91933	92137	204
211	271	60
136907	137021	114
2932	2962	30
156568	156637	69
180560	180602	42
66162	66321	159
141581	141632	51
145068	145089	21
142425	142440	15
146873	146879	6
139903	139972	69
16616	16628	12
110757	110853	96
167110	167125	15
46886	47066	180
9154	9175	21
211307	211319	12
47290	47299	9
217203	217230	27
189338	189473	135
165770	165842	72
155767	155791	24
221010	221070	60
9556	9613	57
182401	182452	51
38050	38176	126
106613	106673	60
8173	8302	129
171111	171156	45
22250	22373	123
147153	147189	36
96406	96457	51
178670	178679	9
2088	2115	27
202063	202198	135
12331	12448	117
52288	52324	36
18459	18495	36
181416	181443	27
196499	196562	63
127380	127503	123
146910	146940	30
53707	53758	51
7459	7513	54
145711	146089	378
13718	13733	15
211942	211960	18
133944	134001	57
19627	19651	24
121975	122041	66
215789	215861	72
22769	22871	102
111649	111661	12
115704	115764	60
156654	156663	9
149324	149336	12
135727	135742	15
43359	43413	54
119272	119311	39
31480	31618	138
215880	215991	111
170927	171002	75
119367	119433	66
206833	206872	39
206017	206224	207
93859	93982	123
46002	46014	12
178126	178240	114
4475	4655	180
215320	215386	66
191002	191029	27
139754	139811	57
51356	51470	114
78031	78049	18
47313	47322	9
18030	18048	18
195946	195991	45
27361	27436	75
135950	136064	114
33008	33161	153
94201	94459	258
23630	23717	87
216274	216313	39
163712	163727	15
190049	190109	60
211764	211929	165
75821	75884	63
40769	40811	42
208976	209036	60
156718	156751	33
152472	152493	21
87	192	105
7682	7709	27
33445	33532	87
118903	118915	12
139140	139197	57
194460	194484	24
155630	155660	30
70345	70432	87
73225	73291	66
8318	8453	135
162032	162092	60
145465	145513	48
134917	134932	15
132946	132997	51
215390	215492	102
163150	163225	75
84454	84679	225
64770	64803	33
110637	110673	36
17600	17996	396
139324	139339	15
225419	225518	99
61944	61977	33
58543	58606	63
214951	214969	18
89509	89626	117
32781	32817	36
9670	9706	36
152588	152603	15
85099	85123	24
43671	43680	9
206973	207093	120
70031	70037	6
734	842	108
62974	63067	93
18923	18959	36
170633	170642	9
227603	227888	285
78335	78350	15
115347	115422	75
128924	129008	84
48342	48372	30
30989	31112	123
122359	122419	60
155524	155530	6
113096	113126	30
51117	51252	135
62318	62348	30
77559	77568	9
222491	222533	42
140856	140874	18
1349	1394	45
28216	28375	159
219305	219311	6
15202	15271	69
43010	43100	90
153924	154005	81
195605	195665	60
205531	205621	90
16902	17313	411
191987	192107	120
17500	17575	75
205672	205966	294
70159	70207	48
70464	70548	84
56782	56833	51
74681	74687	6
70297	70345	48
69673	69703	30
130773	130779	6
182657	182807	150
114659	114689	30
180153	180192	39
179835	179886	51
71508	71613	105
37083	37188	105
33671	33704	33
168486	168633	147
100954	100996	42
64257	64323	66
21750	21909	159
190883	190898	15
159299	159335	36
121412	121445	33
85941	85971	30
161039	161099	60
86635	86716	81
86116	86149	33
33809	33929	120
80363	80369	6
200812	200845	33
194820	195042	222
227213	227261	48
14398	14422	24
17369	17420	51
97222	97252	30
156305	156338	33
96939	96990	51
186321	186336	15
102727	102859	132
98057	98072	15
78401	78434	33
65240	65249	9
188329	188341	12
172202	172274	72
190394	190433	39
7335	7356	21
183786	183861	75
21649	21658	9
48626	48656	30
29730	29751	21
129462	129522	60
35710	35740	30
183250	183280	30
59933	59963	30
58167	58173	6
125488	125512	24
15910	15964	54
130501	130537	36
75002	75023	21
220794	220830	36
191163	191331	168
178519	178612	93
31776	31818	42
142233	142356	123
65725	65734	9
28764	28947	183
84098	84164	66
82184	82247	63
162853	162883	30
130148	130241	93
47656	47722	66
104550	104595	45
149781	149829	48
118793	118799	6
40977	41040	63
8621	8939	318
194576	194807	231
117118	117154	36
158664	158775	111
54612	54837	225
166511	166550	39
65352	65385	33
40092	40104	12
226348	226390	42
39436	39553	117
183027	183060	33
130698	130770	72
11114	11126	12
224624	224660	36
158465	158477	12
19009	19027	18
128033	128090	57
11441	11471	30
73295	73412	117
66017	66059	42
104041	104062	21
213604	213673	69
178451	178484	33
40080	40089	9
39801	39819	18
193582	193594	12
124110	124131	21
100533	100539	6
196246	196303	57
109660	109711	51
36747	36963	216
155290	155344	54
43258	43324	66
125291	125402	111
226158	226212	54
172131	172155	24
34754	34850	96
173732	173888	156
219533	219578	45
197748	197784	36
138908	138917	9
124339	124351	12
45687	45948	261
210275	210305	30
171785	171812	27
117433	117466	33
66702	66750	48
221967	222015	48
64709	64736	27
226923	226932	9
205392	205506	114
101473	101497	24
66774	66852	78
91025	91070	45
75470	75515	45
64587	64674	87
161125	161146	21
12512	12716	204
166310	166442	132
186963	187014	51
35423	35516	93
81299	81461	162
154282	154318	36
87684	87744	60
44999	45017	18
12954	12990	36
27460	27706	246
44590	44632	42
224697	224706	9
78235	78250	15
201943	201976	33
126878	127007	129
75897	75975	78
147659	147734	75
179152	179224	72
47873	47912	39
199505	199526	21
134769	134823	54
100044	100056	12
189792	189954	162
85999	86029	30
160761	160791	30
47324	47480	156
66873	67068	195
159495	159555	60
113925	113931	6
109993	110044	51
112865	112874	9
39695	39779	84
165112	165427	315
173522	173534	12
3160	3205	45
201247	201283	36
3377	3410	33
193120	193162	42
136188	136233	45
48423	48546	123
171160	171190	30
3262	3298	36
74490	74517	27
224429	224468	39
4786	4876	90
102429	102435	6
213852	213909	57
92417	92483	66
224226	224238	12
64816	64828	12
52637	52661	24
94462	94534	72
90176	90245	69
204409	204427	18
158542	158632	90
106895	106907	12
130810	131179	369
200452	200479	27
214249	214294	45
184626	184812	186
74843	74963	120
39652	39676	24
25053	25125	72
100658	100664	6
226271	226346	75
134966	135161	195
108822	108858	36
6335	6344	9
214859	214949	90
186090	186120	30
171506	171512	6
214537	214771	234
219948	220140	192
10516	10573	57
35557	35611	54
229701	229737	36
59222	59240	18
227520	227553	33
126545	126593	48
106716	106725	9
173129	173195	66
95886	95925	39
71270	71351	81
57239	57383	144
72921	72972	51
155148	155190	42
108881	108905	24
66674	66701	27
8946	9072	126
185783	185954	171
130014	130056	42
35974	36040	66
137845	137872	27
37776	37782	6
217345	217417	72
193323	193353	30
179277	179439	162
111051	111096	45
100066	100081	15
23924	24011	87
27088	27271	183
50215	50227	12
10015	10084	69
192727	192733	6
198519	198558	39
144216	144564	348
186682	186772	90
148089	148101	12
91355	91400	45
44656	44725	69
126668	126719	51
47223	47250	27
212415	212430	15
197525	197534	9
53427	53529	102
188221	188323	102
10193	10232	39
115585	115648	63
41113	41233	120
52683	52818	135
208126	208273	147
30121	30139	18
51895	51952	57
110531	110615	84
190368	190386	18
166805	166817	12
103092	103116	24
112042	112183	141
62831	62858	27
223558	223594	36
137689	137698	9
87393	87426	33
82820	82829	9
169317	169326	9
68044	68125	81
155921	156011	90
185956	186028	72
98670	98706	36
181577	181649	72
167627	167918	291
131483	131612	129
49646	49691	45
101942	101960	18
76254	76275	21
79779	79854	75
226006	226093	87
184076	184382	306
156960	157140	180
117498	117570	72
62884	62911	27
25022	25031	9
180760	180787	27
160318	160381	63
41691	41745	54
67238	67268	30
34908	34965	57
50431	50452	21
216097	216103	6
148357	148372	15
101184	101244	60
65389	65410	21
79087	79261	174
108859	108874	15
211467	211542	75
187976	188027	51
228385	228439	54
181345	181402	57
128383	128725	342
85494	85560	66
9849	9855	6
230022	230067	45
165003	165027	24
207902	208019	117
108538	108565	27
214997	215054	57
96995	97220	225
89023	89281	258
46762	46870	108
178996	179047	51
82913	82931	18
227484	227517	33
125459	125486	27
96267	96306	39
2183	2315	132
14262	14271	9
1459	1612	153
161912	161936	24
62675	62732	57
164068	164101	33
102464	102470	6
221292	221301	9
149281	149299	18
125883	125952	69
58075	58150	75
3472	3568	96
61893	61941	48
89288	89315	27
62162	62300	138
81072	81156	84
65908	65917	9
141046	141070	24
29274	29343	69
197911	198016	105
37697	37745	48
195431	195470	39
197797	197818	21
176872	176944	72
4230	4239	9
48750	48762	12
77571	77598	27
43620	43650	30
154027	154075	48
140591	140615	24
77002	77251	249
110982	111045	63
85305	85464	159
50376	50430	54
211213	211285	72
141316	141352	36
121664	121766	102
114197	114203	6
104108	104213	105
174876	174978	102
47254	47269	15
135397	135466	69
156139	156148	9
140730	140736	6
22137	22170	33
123390	123447	57
109842	109944	102
167960	168023	63
203672	203690	18
10902	10953	51
66380	66386	6
440	626	186
229618	229624	6
167389	167398	9
65256	65268	12
207790	207811	21
85853	85919	66
33323	33419	96
173941	173971	30
134286	134298	12
111388	111421	33
127307	127337	30
120411	120426	15
21138	21240	102
25150	25180	30
25268	25370	102
227178	227199	21
146268	146295	27
96593	96713	120
58749	59073	324
26973	26985	12
84352	84373	21
131946	131955	9
15731	15758	27
109006	109018	12
185602	185659	57
212468	212477	9
177243	177327	84
148501	148546	45
37229	37250	21
115171	115213	42
219407	219479	72
95766	95778	12
82624	82651	27
95610	95634	24
37445	37514	69
161482	161578	96
126236	126425	189
105942	105963	21
22679	22736	57
40676	40703	27
10252	10336	84
157371	157395	24
21296	21560	264
184436	184553	117
141904	141916	12
201201	201246	45
36619	36676	57
16674	16740	66
47794	47803	9
169663	169678	15
152841	152853	12
80404	80422	18
174338	174395	57
59090	59117	27
90642	90681	39
109115	109127	12
106492	106525	33
174575	174584	9
28418	28508	90
201694	201715	21
118933	119053	120
72466	72532	66
229801	229828	27
45654	45687	33
129531	129666	135
109329	109413	84
122071	122137	66
36595	36616	21
121473	121590	117
199042	199117	75
145671	145686	15
212990	213134	144
83543	83681	138
213509	213515	6
107922	107934	12
6687	6879	192
220903	220987	84
192447	192492	45
175479	175836	357
91742	91931	189
188504	188519	15
60223	60238	15
95641	95665	24
139420	139576	156
180837	180903	66
154347	154482	135
13472	13484	12
13801	13816	15
223009	223132	123
153584	153632	48
27849	27945	96
58184	58235	51
66511	66544	33
82955	83036	81
182565	182646	81
93460	93514	54
7368	7431	63
201042	201126	84
152036	152060	24
76390	76456	66
66089	66134	45
161713	161896	183
108311	108371	60
29188	29266	78
76127	76142	15
169762	170146	384
142444	142483	39
79403	79556	153
28051	28210	159
37584	37611	27
100543	100558	15
24311	24344	33
1125	1233	108
20596	20773	177
38535	38646	111
126111	126222	111
43523	43577	54
214817	214856	39
12830	12836	6
171976	172009	33
113984	114128	144
147572	147605	33
201545	201644	99
74757	74769	12
184972	185053	81
115538	115571	33
57843	57882	39
140890	141031	141
168257	168266	9
170870	170912	42
10110	10149	39
88844	89000	156
28669	28747	78
227371	227419	48
104822	105074	252
152634	152643	9
149588	149648	60
77510	77546	36
219140	219179	39
80848	80926	78
47808	47847	39
226707	226812	105
188162	188189	27
5722	5740	18
93208	93331	123
99639	99720	81
67957	67966	9
152499	152517	18
183338	183407	69
71705	71792	87
187077	187137	60
15779	15806	27
124717	124735	18
33536	33623	87
845	923	78
195302	195365	63
170431	170512	81
102969	102990	21
226841	226856	15
184558	184585	27
225090	225174	84
116252	116273	21
79608	79665	57
127533	127683	150
59771	59897	126
98076	98094	18
202018	202039	21
98352	98463	111
176376	176403	27
136410	136416	6
132463	132577	114
80671	80680	9
187517	187532	15
167430	167499	69
121876	121939	63
5346	5391	45
209300	209321	21
167383	167389	6
141772	141781	9
99764	99806	42
23110	23137	27
2397	2502	105
216021	216048	27
93595	93727	132
108664	108769	105
60474	60528	54
97516	97537	21
76331	76370	39
70927	70936	9
220754	220763	9
11623	11692	69
13412	13466	54
142203	142227	24
39307	39385	78
147737	147806	69
15043	15064	21
205114	205183	69
195673	195838	165
93170	93203	33
45369	45462	93
132668	132689	21
77619	77754	135
55118	55316	198
172422	172494	72
42562	42574	12
183422	183461	39
124867	124945	78
210337	210454	117
19520	19622	102
186063	186078	15
173234	173300	66
170149	170176	27
62001	62034	33
135575	135665	90
109596	109602	6
103839	103848	9
222215	222338	123
195369	195381	12
191466	191487	21
107836	107884	48
151489	151561	72
218363	218588	225
191755	191794	39
168958	168985	27
193081	193093	12
175338	175437	99
147040	147064	24
220543	220588	45
94911	95067	156
172495	172627	132
141373	141439	66
181877	181910	33
178926	178962	36
35185	35302	117
103268	103322	54
5627	5666	39
190712	190805	93
169365	169458	93
157404	157479	75
147605	147656	51
144995	145007	12
107659	107695	36
216196	216229	33
171815	171890	75
68557	68872	315
7721	7829	108
173542	173611	69
67527	67593	66
203338	203359	21
90725	90761	36
229905	229917	12
2015	2036	21
56411	56465	54
95725	95764	39
68193	68208	15
148472	148484	12
114925	114997	72
33248	33314	66
56489	56525	36
216557	216596	39
57759	57843	84
145241	145295	54
203199	203316	117
177687	177723	36
176408	176435	27
14313	14376	63
23049	23055	6
129360	129372	12
85247	85256	9
125085	125121	36
115027	115069	42
87302	87347	45
49428	49527	99
102920	102953	33
187328	187472	144
159344	159440	96
186603	186660	57
82652	82778	126
138469	138493	24
162712	162814	102
69264	69294	30
81553	81676	123
139005	139140	135
68219	68246	27
4283	4310	27
1880	1901	21
50887	50899	12
181456	181552	96
149863	149932	69
143680	143746	66
95102	95246	144
223705	223894	189
208761	208920	159
194247	194373	126
222471	222486	15
142687	142723	36
157486	157492	6
175163	175205	42
139986	140163	177
90559	90610	51
75148	75244	96
43870	43903	33
137139	137328	189
91427	91490	63
120218	120242	24
90306	90315	9
62053	62152	99
65849	65876	27
166780	166792	12
33779	33788	9
226637	226646	9
137615	137660	45
97278	97392	114
59757	59769	12
134324	134351	27
5410	5428	18
24469	24526	57
164838	164856	18
48934	49075	141
78902	78968	66
63944	63965	21
32581	32623	42
15440	15698	258
149456	149531	75
117757	117823	66
14285	14303	18
60310	60325	15
190926	190965	39
191665	191671	6
76310	76319	9
27053	27086	33
59385	59487	102
104601	104730	129
216444	216450	6
186189	186231	42
32153	32201	48
129900	129936	36
34449	34467	18
176705	176729	24
90394	90403	9
120587	120731	144
10759	10768	9
216926	217019	93
218816	219023	207
156215	156251	36
146111	146234	123
223630	223702	72
166592	166733	141
200868	200997	129
2897	2930	33
108386	108500	114
171639	171687	48
221210	221243	33
82260	82275	15
163263	163338	75
200776	200797	21
148747	148900	153
191904	191982	78
206739	206790	51
164372	164414	42
127757	127934	177
185196	185430	234
38853	38985	132
10994	11060	66
28957	29083	126
135913	135928	15
159578	159602	24
152569	152587	18
36294	36393	99
5947	6094	147
196393	196447	54
214151	214199	48
158136	158229	93
40134	40323	189
182317	182377	60
226441	226456	15
197439	197523	84
189223	189238	15
16448	16499	51
176141	176336	195
174820	174856	36
117020	117110	90
60782	60839	57
218594	218609	15
53838	53880	42
34546	34663	117
226652	226661	9
191672	191687	15
96042	96153	111
201743	201782	39
143062	143071	9
44922	44946	24
218700	218763	63
113483	113510	27
35843	35855	12
50951	50957	6
105874	105880	6
222801	222834	33
148901	148937	36
213925	214072	147
76570	76576	6
15863	15881	18
16301	16334	33
222877	222898	21
76499	76535	36
180051	180117	66
124740	124839	99
6430	6526	96
4988	5000	12
74335	74362	27
214388	214400	12
198075	198099	24
159658	159793	135
132860	132869	9
174733	174772	39
218092	218125	33
91158	91275	117
110907	110949	42
51598	51874	276
223360	223459	99
78543	78663	120
1692	1824	132
54866	54995	129
170228	170279	51
226946	227108	162
182823	183009	186
221564	221789	225
112823	112838	15
155349	155382	33
222746	222758	12
19137	19287	150
222609	222690	81
209341	209371	30
13521	13680	159
40620	40638	18
175000	175012	12
41438	41468	30
207584	207755	171
179975	179981	6
23038	23047	9
60406	60436	30
88626	88818	192
218621	218657	36
212586	212730	144
49251	49260	9
105236	105389	153
46522	46546	24
33961	33967	6
151126	151369	243
172710	172725	15
135800	135815	15
55517	55598	81
195521	195536	15
134075	134243	168
78757	78766	9
172640	172658	18
204326	204350	24
45072	45171	99
48784	48796	12
61156	61216	60
119101	119110	9
76741	76801	60
40578	40590	12
171299	171410	111
85624	85717	93
192651	192687	36
30632	30659	27
87949	87973	24
55915	55945	30
115139	115151	12
116284	116377	93
78696	78717	21
182297	182312	15
95978	96002	24
100228	100396	168
225685	225718	33
150227	150524	297
107952	107961	9
209421	209454	33
189315	189321	6
54035	54272	237
132710	132815	105
84379	84400	21
9966	9996	30
83444	83492	48
116118	116169	51
61416	61527	111
143491	143566	75
13863	13911	48
51588	51594	6
106131	106146	15
161373	161460	87
118454	118640	186
160409	160421	12
6110	6275	165
71681	71690	9
53004	53025	21
112507	112690	183
183737	183746	9
138388	138409	21
14809	14839	30
181708	181720	12
181238	181250	12
118190	118292	102
176808	176865	57
104520	104535	15
5511	5526	15
23263	23359	96
86174	86189	15
92280	92331	51
103151	103193	42
102955	102967	12
134002	134008	6
73713	73737	24
129132	129351	219
157602	157719	117
137795	137804	9
37920	37977	57
141123	141132	9
76708	76714	6
64762	64768	6
113818	113824	6
130126	130147	21
58277	58511	234
125533	125554	21
211654	211681	27
1073	1106	33
210023	210233	210
158229	158448	219
229271	229304	33
56970	56976	6
11882	11918	36
199875	199887	12
119641	119767	126
84029	84038	9
4009	4018	9
63480	63543	63
162305	162449	144
142906	143050	144
126787	126859	72
26372	26420	48
83133	83241	108
216141	216147	6
207316	207460	144
197403	197430	27
147863	147965	102
22991	23009	18
203517	203607	90
133157	133352	195
70998	71016	18
84710	84767	57
162532	162568	36
32483	32492	9
213910	213919	9
104305	104497	192
55799	55817	18
108254	108311	57
55879	55903	24
165864	165969	105
42170	42305	135
46073	46088	15
119528	119579	51
30966	30978	12
119865	119949	84
50617	50656	39
210238	210274	36
180604	180676	72
74182	74242	60
190122	190245	123
111684	111948	264
138840	138852	12
26067	26154	87
39842	39857	15
47559	47607	48
136622	136715	93
20456	20474	18
106242	106383	141
154847	154862	15
170608	170629	21
143235	143247	12
128730	128790	60
194492	194564	72
137124	137133	9
30057	30120	63
98201	98222	21
147234	147264	30
33993	34125	132
117582	117618	36
116751	117009	258
128343	128358	15
180788	180794	6
201490	201511	21
59345	59378	33
124392	124437	45
177340	177376	36
187154	187166	12
29406	29559	153
41519	41561	42
89894	90077	183
219812	219923	111
144804	144870	66
52160	52286	126
122584	122719	135
220593	220740	147
52134	52149	15
39427	39433	6
72424	72433	9
162573	162696	123
65954	65996	42
221070	221205	135
38176	38188	12
203782	203866	84
83839	84028	189
9189	9261	72
44771	44888	117
151589	151616	27
192567	192597	30
164951	164972	21
149563	149575	12
56279	56300	21
199309	199390	81
149178	149220	42
18535	18637	102
108628	108646	18
178254	178275	21
48577	48592	15
115293	115332	39
177796	177856	60
163609	163648	39
26580	26673	93
99030	99297	267
54283	54496	213
58629	58650	21
229447	229534	87
69302	69572	270
223238	223253	15
204906	204930	24
115445	115478	33
147463	147469	6
126444	126504	60
215676	215718	42
33720	33756	36
33220	33247	27
193525	193534	9
62863	62869	6
128220	128226	6
32668	32728	60
120981	120993	12
148104	148344	240
8103	8157	54
120263	120398	135
90984	90993	9
78768	78885	117
24610	24649	39
77865	77967	102
187541	187778	237
178349	178397	48
107499	107505	6
146312	146324	12
134643	134763	120
217485	217593	108
36188	36290	102
112886	113039	153
66429	66477	48
228816	228828	12
68364	68469	105
145698	145704	6
206624	206693	69
192916	193054	138
172882	173056	174
119117	119135	18
34178	34256	78
168799	168946	147
209765	209783	18
5134	5191	57
43737	43803	66
183961	184003	42
80744	80804	60
89341	89410	69
227896	228214	318
229940	229958	18
185706	185736	30
115217	115241	24
67071	67143	72
101505	101544	39
106835	106841	6
140257	140527	270
30154	30193	39
196332	196365	33
183496	183658	162
50159	50171	12
184813	184831	18
138744	138810	66
121046	121292	246
212357	212381	24
96532	96553	21
44062	44080	18
93790	93832	42
203107	203191	84
138603	138618	15
225547	225631	84
204959	204980	21
107155	107470	315
26776	26851	75
25912	25987	75
90940	90964	24
191500	191521	21
182020	182209	189
42045	42138	93
196813	196936	123
142850	142865	15
68283	68364	81
122293	122311	18
98755	98770	15
156801	156831	30
62358	62634	276
228880	228991	111
76821	76863	42
127193	127292	99
211708	211717	9
206320	206386	66
187220	187241	21
163226	163244	18
52582	52594	12
138631	138721	90
202775	202820	45
159081	159096	15
191544	191577	33
100881	100896	15
202233	202347	114
164113	164128	15
42514	42550	36
116415	116583	168
160720	160729	9
103237	103258	21
189637	189718	81
150875	151016	141
228668	228722	54
215232	215262	30
78522	78531	9
188388	188430	42
7124	7334	210
45313	45364	51
102152	102203	51
49185	49209	24
113626	113812	186
132155	132254	99
61559	61577	18
203382	203412	30
97846	97954	108
97599	97608	9
82521	82527	6
177766	177790	24
143421	143484	63
354	417	63
72167	72254	87
193314	193323	9
155072	155135	63
12259	12295	36
198169	198205	36
217068	217164	96
76720	76729	9
193803	193812	9
97741	97786	45
204508	204607	99
63175	63418	243
42318	42336	18
76879	76891	12
142672	142684	12
202507	202594	87
197068	197098	30
187875	187893	18
22407	22491	84
92879	92930	51
18224	18287	63
46679	46697	18
75542	75758	216
13821	13830	9
14565	14718	153
45175	45190	15
207165	207204	39
118799	118814	15
57530	57659	129
2656	2812	156
223281	223311	30
4712	4739	27
169692	169707	15
168713	168734	21
86316	86334	18
80512	80530	18
122777	122891	114
129075	129123	48
69802	69835	33
160826	160841	15
152146	152317	171
75283	75349	66
211397	211403	6
143616	143652	36
146800	146821	21
3631	3646	15
166961	167105	144
152448	152469	21
50082	50088	6
190808	190817	9
183877	183922	45
145545	145617	72
11262	11307	45
176945	176966	21
43502	43511	9
15817	15859	42
134835	134892	57
216327	216402	75
89844	89856	12
159105	159297	192
143882	143939	57
127046	127067	21
38651	38840	189
42608	42662	54
219598	219760	162
225823	225916	93
166443	166485	42
136453	136621	168
159824	159920	96
25783	25825	42
86286	86295	9
53534	53615	81
103451	103505	54
198573	198882	309
95273	95315	42
123448	123481	33
100186	100216	30
107699	107762	63
19887	20082	195
1929	1941	12
113222	113384	162
160489	160699	210
118819	118855	36
97403	97505	102
47144	47159	15
29776	30046	270
111500	111518	18
216606	216702	96
101610	101745	135
105167	105194	27
151873	151906	33
156062	156110	48
101354	101420	66
79926	80007	81
155829	155859	30
166112	166229	117
52411	52471	60
196571	196781	210
186554	186560	6
43146	43164	18
23545	23557	12
47959	48121	162
116664	116715	51
200576	200618	42
12023	12092	69
148624	148675	51
135273	135324	51
11398	11437	39
67160	67178	18
216759	216858	99
171267	171279	12
85199	85247	48
1237	1252	15
133663	133768	105
59970	59994	24
87102	87132	30
32494	32548	54
201410	201422	12
4333	4363	30
130626	130683	57
198885	199038	153
5194	5233	39
6879	7011	132
105407	105473	66
139233	139269	36
113173	113197	24
50748	50775	27
47864	47873	9
186392	186476	84
18637	18892	255
40411	40510	99
24939	24948	9
191107	191137	30
27710	27743	33
188915	189071	156
179063	179108	45
157728	157767	39
112456	112474	18
7876	7882	6
25567	25660	93
188669	188681	12
199761	199842	81
30302	30350	48
61270	61336	66
204631	204658	27
228524	228653	129
203613	203664	51
64975	65077	102
98790	98952	162
124298	124328	30
86775	86784	9
210709	210724	15
133816	133882	66
114390	114411	21
11166	11190	24
95316	95343	27
102355	102364	9
205286	205376	90
200636	200714	78
3826	3967	141
8468	8612	144
196020	196116	96
170665	170719	54
166046	166067	21
141856	141889	33
55954	55996	42
81006	81069	63
31188	31383	195
63577	63631	54
123625	123640	15
154161	154197	36
131367	131394	27
142103	142142	39
39575	39587	12
208288	208321	33
115956	116112	156
120078	120204	126
39089	39149	60
11695	11704	9
164786	164828	42
146329	146374	45
22013	22091	78
73131	73155	24
130256	130268	12
60166	60175	9
18097	18202	105
30754	30952	198
144032	144122	90
24136	24190	54
65491	65509	18
111101	111332	231
77276	77417	141
212252	212315	63
146951	146996	45
73459	73576	117
135845	135890	45
204866	204872	6
123187	123217	30
97624	97717	93
173081	173090	9
90112	90148	36
118330	118384	54
211059	211140	81
169100	169133	33
57140	57173	33
46630	46636	6
150140	150152	12
174054	174075	21
14877	14961	84
90543	90555	12
131326	131335	9
49843	49960	117
36399	36534	135
35765	35834	69
73947	74007	60
170722	170833	111
90867	90894	27
70686	70785	99
169602	169650	48
38196	38223	27
103897	103963	66
221791	221944	153
63633	63693	60
30412	30421	9
209517	209583	66
138029	138146	117
90267	90282	15
154692	154776	84
139581	139752	171
108970	108994	24
134510	134588	78
195222	195231	9
65431	65458	27
68929	68959	30
34295	34448	153
169166	169217	51
12721	12811	90
213317	213371	54
146503	146524	21
176080	176092	12
219273	219294	21
38406	38487	81
14067	14154	87
92565	92616	51
9319	9550	231
179628	179634	6
229876	229903	27
105092	105140	48
227153	227171	18
206881	206959	78
196936	196963	27
74365	74464	99
82868	82913	45
117905	118010	105
186234	186267	33
217433	217460	27
167137	167362	225
198238	198352	114
110166	110238	72
101784	101889	105
4110	4116	6
172049	172058	9
67718	67760	42
144710	144773	63
143746	143800	54
5249	5345	96
219204	219273	69
172743	172788	45
143857	143866	9
108058	108097	39
96835	96865	30
70042	70051	9
155552	155609	57
92656	92677	21
56114	56159	45
100739	100838	99
164415	164478	63
3122	3134	12
111547	111613	66
53968	53977	9
2335	2353	18
13128	13212	84
179682	179784	102
22593	22623	30
123525	123552	27
129667	129700	33
93982	94030	48
68968	69151	183
199591	199636	45
180228	180276	48
128892	128916	24
115778	115802	24
123987	124023	36
83790	83835	45
135485	135524	39
118682	118691	9
106980	107052	72
176443	176659	216
56231	56252	21
44160	44187	27
125574	125703	129
201800	201920	120
158947	159040	93
208044	208080	36
146594	146708	114
23803	23848	45
160860	160899	39
137881	137890	9
161971	162007	36
153257	153581	324
218297	218348	51
156832	156928	96
149947	150013	66
87084	87090	6
134589	134598	9
79294	79351	57
112348	112411	63
168164	168191	27
44895	44907	12
6533	6572	39
59292	59313	21
24259	24283	24
96735	96741	6
217752	217962	210
151946	151991	45
93121	93148	27
45193	45235	42
195073	195190	117
165512	165641	129
36092	36131	39
220370	220451	81
156784	156793	9
40852	40942	90
213472	213502	30
95373	95445	72
168222	168252	30
163344	163569	225
154901	154979	78
200121	200181	60
45508	45514	6
56196	56217	21
6288	6294	6
101289	101316	27
20853	21123	270
25499	25535	36
31894	32137	243
137478	137565	87
80081	80255	174
117240	117306	66
43971	44052	81
151075	151108	33
102511	102676	165
199944	199977	33
20201	20438	237
172308	172395	87
92699	92837	138
155417	155516	99
74089	74173	84
220485	220524	39
151647	151665	18
96754	96796	42
117641	117743	102
53231	53258	27
215517	215646	129
88408	88624	216
134379	134424	45
109746	109815	69
118034	118112	78
178694	178718	24
12121	12223	102
114214	114271	57
160107	160269	162
152675	152753	78
120569	120575	6
150812	150854	42
98584	98590	6
104247	104277	30
61030	61126	96
107590	107620	30
77425	77437	12
133629	133638	9
184866	184893	27
71840	71903	63
225653	225665	12
199163	199265	102
19426	19507	81
114550	114559	9
13325	13379	54
48677	48710	33
213740	213842	102
211991	212195	204
37269	37413	144
161632	161674	42
51497	51536	39
210752	210926	174
163678	163684	6
55028	55112	84
188069	188129	60
32874	32991	117
55624	55789	165
224719	225001	282
29604	29634	30
45270	45297	27
76616	76676	60
67382	67478	96
69727	69760	33
88119	88176	57
16784	16859	75
86480	86528	48
189147	189198	51
122988	123060	72
148957	148990	33
2993	3029	36
101425	101467	42
100162	100168	6
48135	48177	42
59120	59153	33
224024	224168	144
227271	227316	45
148012	148039	27
42662	42746	84
38490	38523	33
124556	124619	63
14465	14501	36
114135	114141	6
177399	177507	108
75794	75800	6
23717	23777	60
122222	122285	63
173613	173706	93
173383	173506	123
215721	215772	51
50693	50702	9
37813	37819	6
48195	48252	57
71394	71400	6
103368	103413	45
127106	127139	33
67643	67649	6
60451	60460	9
73613	73709	96
88030	88063	33
107559	107565	6
129937	130000	63
180469	180529	60
178810	178855	45
114785	114806	21
74023	74050	27
177596	177650	54
163851	164001	150
154487	154583	96
142765	142825	60

