start pos	end pos	length
129655	129709	54
156583	156598	15
120592	120601	9
167873	167912	39
219976	220036	60
229058	229130	72
224955	224961	6
155363	155390	27
104981	104999	18
97098	97122	24
81684	81861	177
180359	180371	12
125268	125349	81
99243	99273	30
94848	94854	6
72445	72550	105
171223	171277	54
463	547	84
5623	5689	66
169057	169114	57
128198	128249	51
96215	96245	30
174253	174262	9
166719	166761	42
33919	33952	33
163924	163963	39
175796	175889	93
175564	175621	57
172120	172168	48
136609	136696	87
225493	225535	42
74998	75175	177
110360	110420	60
110091	110118	27
193329	193350	21
110543	110558	15
51931	52006	75
189038	189188	150
130834	130843	9
181003	181021	18
16885	16942	57
7022	7049	27
207773	207797	24
51518	51614	96
191650	191746	96
151593	151656	63
135704	135734	30
7816	7978	162
181542	181560	18
128742	128775	33
142665	142698	33
60913	61057	144
225427	225433	6
92728	92824	96
221284	221524	240
87147	87165	18
60769	60814	45
18129	18135	6
75782	75788	6
215129	215147	18
102494	102632	138
220459	220612	153
227027	227051	24
114066	114114	48
111088	111118	30
77301	77433	132
54971	54980	9
6331	6361	30
15400	15439	39
151768	151774	6
30865	31090	225
70265	70274	9
223337	223379	42
226805	226814	9
160390	160426	36
105200	105278	78
93098	93257	159
113992	114064	72
51440	51449	9
15605	15638	33
150528	150669	141
216747	216753	6
226221	226296	75
23767	23779	12
202217	202277	60
190203	190269	66
136441	136522	81
53603	53723	120
98278	98290	12
144733	144742	9
142565	142658	93
91150	91213	63
20431	20497	66
146557	146740	183
31342	31372	30
98817	98823	6
138524	138554	30
53841	53898	57
84305	84332	27
52843	52960	117
3879	3903	24
146185	146266	81
14169	14178	9
144635	144689	54
91947	91983	36
192452	192479	27
38856	38871	15
147395	147416	21
147344	147362	18
39923	39941	18
128802	128808	6
63267	63300	33
82172	82409	237
149019	149070	51
195013	195028	15
61437	61476	39
174743	174788	45
215710	215737	27
71442	71487	45
177005	177038	33
45391	45436	45
69425	69452	27
60106	60208	102
17462	17657	195
193682	193700	18
187801	187909	108
79400	79472	72
135286	135367	81
5596	5620	24
88176	88209	33
37051	37165	114
157583	157739	156
215755	216013	258
121435	121447	12
75384	75411	27
140419	140437	18
69792	69819	27
36703	36772	69
125150	125195	45
207547	207556	9
124081	124135	54
166214	166232	18
148143	148257	114
2169	2229	60
196419	196434	15
106104	106110	6
196366	196387	21
141330	141417	87
123731	123767	36
35658	35727	69
172300	172339	39
73474	73492	18
44532	44559	27
228290	228305	15
61981	62095	114
200030	200039	9
179441	179450	9
69616	69643	27
26458	26467	9
167575	167599	24
91696	91720	24
45624	45645	21
7481	7643	162
221587	221635	48
219762	219909	147
30424	30433	9
224741	224795	54
211686	211734	48
25297	25354	57
83004	83046	42
30052	30238	186
27471	27513	42
195830	195902	72
40442	40481	39
15736	15829	93
227903	227915	12
47519	47603	84
178900	178951	51
173984	174035	51
156460	156535	75
41774	41789	15
201302	201326	24
123069	123078	9
225583	225667	84
218086	218092	6
56690	56747	57
202746	202758	12
133462	133543	81
72210	72216	6
169505	169553	48
101203	101218	15
204493	204535	42
193275	193299	24
14623	14647	24
201174	201192	18
54934	54955	21
36302	36353	51
176068	176077	9
116862	117186	324
14947	14953	6
160453	160531	78
180804	180816	12
77041	77050	9
63320	63443	123
40214	40397	183
107656	107947	291
80502	80577	75
58586	58748	162
56362	56374	12
183327	183402	75
209152	209245	93
161101	161140	39
16968	16998	30
101002	101014	12
78049	78055	6
61593	61602	9
51762	51930	168
150731	150812	81
105837	105855	18
172574	172610	36
168002	168050	48
186005	186038	33
57739	57841	102
53122	53128	6
140248	140389	141
92373	92424	51
18014	18059	45
109782	109797	15
72796	72877	81
88712	88802	90
70088	70094	6
28421	28583	162
209708	209717	9
127776	127791	15
91521	91593	72
88564	88597	33
199458	199467	9
131272	131281	9
176270	176324	54
200687	200729	42
185143	185167	24
131832	131838	6
37437	37452	15
136760	136841	81
100732	100888	156
153153	153168	15
134542	134641	99
131579	131615	36
72908	73157	249
191324	191405	81
168292	168457	165
41367	41427	60
2752	2761	9
179958	179973	15
136348	136396	48
162244	162253	9
1469	1475	6
195476	195530	54
19986	20001	15
192003	192360	357
124817	124835	18
79919	79979	60
107185	107323	138
68400	68499	99
116369	116375	6
100552	100630	78
59680	59881	201
212951	213044	93
218613	218655	42
30467	30524	57
67351	67426	75
54169	54370	201
33881	33887	6
24872	24992	120
168643	168682	39
198164	198377	213
181157	181289	132
1442	1451	9
144313	144352	39
61194	61281	87
96631	96760	129
71528	71558	30
78569	78692	123
37210	37243	33
46559	46577	18
124461	124482	21
65067	65097	30
15654	15690	36
181622	181640	18
49852	49870	18
127155	127200	45
158025	158163	138
21022	21112	90
166401	166479	78
161843	161900	57
170675	170684	9
151312	151330	18
217088	217217	129
151265	151280	15
99377	99437	60
220264	220405	141
173974	173983	9
22093	22120	27
162023	162212	189
200618	200645	27
108770	108872	102
70280	70460	180
60520	60592	72
3287	3296	9
228913	228976	63
206773	206950	177
12494	12602	108
31919	31958	39
222537	222663	126
90766	90775	9
166281	166365	84
64806	64917	111
128531	128552	21
31098	31239	141
207501	207534	33
213448	213478	30
6408	6531	123
218961	219396	435
98375	98429	54
50061	50079	18
104129	104162	33
80809	80872	63
176752	176773	21
102633	102693	60
61365	61410	45
49081	49426	345
172437	172476	39
142220	142277	57
171905	171932	27
198647	198692	45
106687	106744	57
96828	96867	39
48997	49006	9
138089	138128	39
24769	24781	12
215212	215353	141
12768	12801	33
144827	144836	9
181372	181378	6
38202	38286	84
73499	73604	105
58908	59274	366
161030	161060	30
58472	58508	36
18590	18707	117
152357	152597	240
4829	5105	276
11768	11801	33
158849	158858	9
129496	129526	30
103398	103494	96
97420	97489	69
12030	12174	144
62100	62133	33
138482	138488	6
113116	113248	132
207578	207692	114
174322	174346	24
76123	76183	60
110310	110328	18
157791	157815	24
130305	130344	39
217313	217409	96
59399	59438	39
74428	74515	87
120971	120980	9
102719	102752	33
164758	164833	75
118149	118167	18
70551	70644	93
46653	46809	156
218836	218926	90
119916	119991	75
59981	60011	30
33046	33079	33
136425	136431	6
202174	202189	15
133111	133198	87
113906	113957	51
18263	18365	102
216864	216879	15
97737	97773	36
2249	2288	39
206500	206554	54
159772	159856	84
139981	140083	102
49499	49655	156
9631	9676	45
20686	20710	24
181033	181114	81
184345	184375	30
36357	36432	75
192920	193001	81
74790	74868	78
114260	114299	39
198051	198075	24
32998	33046	48
89294	89324	30
128469	128505	36
11950	11995	45
76208	76226	18
47851	47977	126
197828	197858	30
67711	67753	42
229359	229548	189
131129	131219	90
68905	69109	204
229839	229956	117
21326	21431	105
27990	28041	51
171799	171835	36
224688	224718	30
191077	191149	72
148258	148282	24
14274	14592	318
3914	3992	78
189736	189769	33
209882	209918	36
228740	228806	66
199213	199225	12
39048	39102	54
223195	223201	6
100107	100179	72
74562	74574	12
154789	154873	84
62286	62298	12
218704	218779	75
171574	171706	132
58373	58433	60
166797	166911	114
6175	6220	45
179575	179620	45
158574	158703	129
39394	39481	87
73623	73680	57
101538	101688	150
151052	151208	156
208495	208501	6
112046	112100	54
19174	19291	117
173596	173683	87
43080	43185	105
31270	31279	9
22628	22652	24
121714	121744	30
132137	132200	63
33105	33141	36
41161	41167	6
27572	27650	78
187579	187588	9
223954	223996	42
22846	22873	27
203965	204094	129
137569	137641	72
34941	35091	150
107962	108133	171
206064	206148	84
180031	180067	36
211449	211545	96
139701	139968	267
121555	121645	90
26664	26769	105
163145	163163	18
2642	2690	48
157860	157911	51
126943	126952	9
46857	46875	18
9272	9338	66
26190	26274	84
113040	113088	48
82933	82966	33
130187	130253	66
209647	209680	33
39118	39145	27
2986	3058	72
212775	212787	12
97817	97838	21
160430	160448	18
15914	15968	54
130355	130367	12
172348	172411	63
38463	38586	123
116698	116758	60
111272	111359	87
200912	200960	48
97802	97811	9
50578	50608	30
179157	179172	15
43455	43467	12
185871	185973	102
116217	116262	45
229209	229350	141
217973	218033	60
86269	86329	60
117798	117831	33
101050	101164	114
80976	81000	24
72629	72683	54
51373	51403	30
185419	185497	78
174969	174993	24
101227	101275	48
169708	169738	30
33552	33576	24
118251	118422	171
108248	108416	168
217530	217644	114
16306	16525	219
190292	190343	51
99724	99775	51
200730	200847	117
132009	132045	36
86162	86264	102
116575	116698	123
134866	134890	24
69475	69559	84
135863	136076	213
202909	202921	12
100340	100361	21
127791	127917	126
196305	196320	15
84808	84829	21
132833	132878	45
52189	52303	114
70222	70237	15
176723	176747	24
17724	17769	45
25755	25773	18
28367	28373	6
122451	122610	159
8966	9116	150
307	352	45
96945	97035	90
30645	30663	18
203423	203672	249
211988	212084	96
126570	126630	60
147839	148025	186
182996	183056	60
111677	111794	117
36574	36637	63
210223	210589	366
207701	207773	72
39913	39919	6
228051	228243	192
222158	222221	63
182473	182575	102
26144	26165	21
4478	4541	63
165506	165524	18
83726	83876	150
15476	15536	60
208092	208149	57
24022	24049	27
194185	194191	6
14188	14233	45
148537	148765	228
11552	11585	33
139294	139321	27
132744	132798	54
75451	75490	39
213631	213655	24
127455	127464	9
227494	227512	18
96306	96312	6
33448	33490	42
186123	186330	207
95520	95526	6
22536	22545	9
84062	84092	30
225748	225784	36
7267	7291	24
99168	99213	45
2050	2065	15
95549	95618	69
111916	111967	51
188605	188647	42
112124	112175	51
45437	45497	60
147550	147745	195
181682	181697	15
70536	70542	6
229603	229744	141
95044	95185	141
169607	169652	45
161489	161594	105
190386	190425	39
74535	74556	21
226904	226940	36
31594	31657	63
104732	104795	63
41952	42015	63
206966	207014	48
100911	100917	6
119021	119078	57
69989	70013	24
30719	30779	60
120878	120899	21
79119	79137	18
228573	228597	24
87801	87816	15
135003	135063	60
110430	110439	9
35822	35888	66
66245	66281	36
99830	99875	45
80268	80292	24
108156	108222	66
225234	225282	48
230154	230187	33
110792	110885	93
156005	156041	36
91803	91878	75
71983	72076	93
1504	1615	111
149569	149614	45
135549	135573	24
81528	81681	153
178859	178880	21
78800	78953	153
68620	68695	75
35390	35498	108
119354	119363	9
144137	144248	111
191217	191259	42
152808	153066	258
144573	144633	60
174041	174116	75
95626	95632	6
186675	186708	33
165318	165495	177
167191	167473	282
207803	207830	27
32091	32121	30
175911	175923	12
40909	40933	24
225186	225231	45
212287	212293	6
98042	98090	48
3059	3074	15
8425	8431	6
178526	178532	6
8560	8593	33
194690	194747	57
43285	43453	168
96319	96382	63
88222	88495	273
52478	52541	63
198794	198857	63
121297	121354	57
120101	120254	153
182815	182863	48
128875	128920	45
83612	83633	21
211192	211219	27
195801	195807	6
11807	11846	39
197023	197158	135
19090	19120	30
90438	90528	90
13080	13149	69
205939	206062	123
155531	155690	159
121208	121238	30
113622	113649	27
12853	13027	174
158711	158801	90
85945	85951	6
175675	175705	30
86826	86838	12
188255	188327	72
15105	15213	108
64354	64429	75
172501	172549	48
91901	91946	45
4364	4430	66
215380	215638	258
133013	133079	66
103972	104038	66
45795	45825	30
62772	62790	18
42715	42721	6
188908	189025	117
207036	207048	12
179233	179347	114
142308	142392	84
14989	15049	60
77107	77143	36
193358	193418	60
213794	213956	162
189405	189591	186
48427	48445	18
187632	187665	33
39297	39333	36
128653	128713	60
194611	194632	21
204612	204792	180
63105	63141	36
173516	173552	36
166993	167017	24
158875	158926	51
195048	195123	75
23530	23581	51
114788	114800	12
201399	201582	183
211747	211753	6
52780	52810	30
182647	182719	72
18384	18417	33
133863	133926	63
126357	126510	153
95450	95489	39
77851	77965	114
13959	13968	9
138810	138846	36
115857	115974	117
145630	145639	9
136583	136595	12
177831	177948	117
24267	24318	51
178156	178168	12
191416	191434	18
188893	188902	9
184711	184765	54
67106	67127	21
220146	220215	69
170536	170605	69
96466	96592	126
50312	50327	15
132343	132400	57
160781	160823	42
79533	79542	9
124484	124601	117
65316	65397	81
97165	97177	12
177751	177787	36
21230	21281	51
42754	42787	33
203204	203243	39
14239	14257	18
32263	32269	6
45576	45624	48
165530	165647	117
7104	7176	72
169116	169137	21
136309	136327	18
156075	156135	60
82020	82062	42
130856	130898	42
211117	211123	6
189963	190095	132
92845	93073	228
110929	110953	24
115372	115381	9
209382	209394	12
135221	135242	21
224048	224132	84
137641	137677	36
227328	227466	138
138675	138687	12
220411	220438	27
202352	202406	54
74122	74209	87
226835	226853	18
68239	68398	159
58842	58869	27
220858	220885	27
205692	205698	6
199248	199281	33
112856	112907	51
11527	11539	12
175708	175774	66
145815	146037	222
39958	39982	24
64113	64158	45
168082	168217	135
83390	83582	192
156222	156243	21
39998	40121	123
198706	198766	60
128824	128836	12
123950	123995	45
187693	187750	57
69842	69905	63
189631	189643	12
123889	123922	33
9166	9178	12
89118	89130	12
175023	175125	102
204970	205039	69
62469	62541	72
77984	78014	30
21843	21957	114
89810	89828	18
216899	217004	105
186611	186629	18
140087	140165	78
69579	69591	12
229010	229055	45
55741	55819	78
18193	18211	18
149193	149379	186
184774	184906	132
76540	76684	144
37299	37398	99
150412	150496	84
56931	56979	48
128102	128162	60
128556	128604	48
172861	173014	153
139588	139627	39
153274	153289	15
214698	214719	21
3805	3865	60
42018	42150	132
45957	46086	129
207159	207210	51
192793	192829	36
73683	73848	165
25463	25478	15
8715	8796	81
201703	201769	66
169905	169971	66
173200	173290	90
8874	8958	84
4142	4175	33
53049	53100	51
195702	195711	9
127485	127530	45
31437	31497	60
1696	1732	36
195196	195355	159
34815	34839	24
84144	84216	72
188082	188253	171
144499	144556	57
209099	209111	12
171157	171223	66
161440	161476	36
39483	39558	75
12227	12287	60
10623	10653	30
112467	112482	15
221956	222013	57
48565	48571	6
44336	44345	9
109965	110052	87
38343	38448	105
28724	28916	192
211374	211419	45
128302	128311	9
138951	139017	66
144904	144955	51
71815	71821	6
164912	165029	117
153232	153244	12
99002	99101	99
82082	82151	69
22759	22792	33
14894	14918	24
143871	143976	105
121040	121073	33
48007	48217	210
205092	205293	201
16094	16130	36
48865	48898	33
24511	24571	60
60829	60841	12
73252	73261	9
204537	204573	36
25884	25899	15
184229	184244	15
63760	63805	45
203841	203934	93
6579	6672	93
107408	107513	105
175787	175796	9
71126	71294	168
109694	109724	30
157332	157383	51
90414	90432	18
112938	113031	93
167025	167187	162
122034	122145	111
122877	122961	84
227480	227492	12
80715	80775	60
94391	94430	39
138770	138791	21
90563	90632	69
36440	36566	126
91653	91689	36
224440	224449	9
168898	169000	102
67198	67231	33
11070	11121	51
3484	3544	60
97842	97959	117
119994	120057	63
82851	82878	27
34663	34801	138
131791	131812	21
131497	131563	66
100293	100320	27
129085	129391	306
120448	120553	105
65782	65818	36
194571	194586	15
1303	1372	69
180679	180784	105
33999	34059	60
150059	150128	69
77634	77694	60
124878	124962	84
197182	197218	36
30528	30573	45
20245	20341	96
64629	64635	6
132298	132325	27
191826	191835	9
10077	10089	12
29380	29392	12
32376	32445	69
114572	114599	27
186042	186060	18
102210	102237	27
105645	105672	27
37875	37968	93
173158	173200	42
173345	173453	108
131685	131712	27
76282	76405	123
162956	163088	132
152702	152783	81
121272	121290	18
37427	37433	6
36953	37046	93
28985	29123	138
164174	164264	90
114952	114979	27
23953	24004	51
36805	36853	48
123580	123697	117
134318	134426	108
53481	53571	90
114432	114456	24
121983	122007	24
131676	131682	6
152208	152268	60
789	828	39
16182	16200	18
53007	53016	9
117863	117959	96
214227	214320	93
111034	111058	24
128781	128799	18
54020	54158	138
174223	174247	24
99480	99522	42
24996	25062	66
135619	135661	42
153973	154003	30
145284	145311	27
364	409	45
22153	22306	153
23154	23175	21
47726	47750	24
124604	124766	162
130942	130966	24
183409	183463	54
21125	21215	90
157433	157475	42
4568	4619	51
213051	213078	27
66825	66861	36
196658	196769	111
163887	163893	6
177403	177451	48
153383	153485	102
193914	193926	12
207404	207437	33
111153	111264	111
219730	219757	27
223763	223847	84
183891	183936	45
31738	31813	75
113550	113556	6
178971	179034	63
206608	206683	75
7342	7375	33
115737	115743	6
197559	197586	27
103677	103746	69
129778	129883	105
192496	192601	105
135109	135202	93
212594	212603	9
62355	62463	108
119164	119185	21
126190	126280	90
140859	140907	48
100205	100274	69
201009	201054	45
181799	182177	378
66716	66761	45
50549	50576	27
5149	5206	57
175327	175387	60
124201	124267	66
177120	177135	15
151813	151828	15
23869	23938	69
33731	33779	48
126006	126129	123
20095	20113	18
143640	143727	87
55828	55891	63
64065	64107	42
203171	203183	12
118437	118473	36
80659	80704	45
103558	103663	105
216768	216810	42
79994	80021	27
133692	133794	102
114173	114260	87
195970	196063	93
177286	177367	81
206442	206496	54
169279	169414	135
120754	120799	45
133201	133231	30
208309	208468	159
64433	64442	9
91246	91321	75
137717	137759	42
172093	172099	6
153119	153137	18
176779	176968	189
70672	70789	117
132423	132450	27
219940	219958	18
48270	48414	144
205362	205407	45
89138	89279	141
141496	141652	156
149548	149563	15
33805	33868	63
132474	132504	30
171339	171369	30
36853	36889	36
138153	138261	108
89415	89430	15
120962	120968	6
169748	169838	90
151678	151687	9
171520	171574	54
92537	92666	129
2405	2540	135
2568	2604	36
74271	74325	54
129535	129565	30
156911	156956	45
27119	27227	108
195125	195134	9
40484	40775	291
153725	153791	66
82588	82690	102
194498	194534	36
70957	71011	54
176642	176711	69
149767	149962	195
45214	45388	174
64550	64583	33
209745	209853	108
160274	160385	111
185303	185354	51
10392	10425	33
194382	194454	72
130409	130430	21
166185	166200	15
187957	188059	102
11372	11495	123
45837	45915	78
79250	79289	39
197279	197372	93
178299	178347	48
3098	3140	42
118477	118495	18
206154	206214	60
183109	183295	186
162470	162500	30
97238	97388	150
138559	138667	108
56989	57451	462
105570	105624	54
111996	112011	15
212155	212182	27
95401	95416	15
217222	217258	36
205796	205898	102
13271	13301	30
75246	75333	87
208951	208969	18
150161	150251	90
25411	25435	24
166555	166564	9
113339	113501	162
158950	158998	48
139496	139532	36
200251	200281	30
145326	145347	21
56258	56309	51
115794	115815	21
210978	211086	108
52407	52434	27
59586	59667	81
62726	62768	42
34357	34372	15
130431	130755	324
177457	177466	9
101421	101505	84
105709	105742	33
195724	195736	12
119617	119752	135
24368	24395	27
85575	85770	195
125637	125685	48
7306	7342	36
86609	86813	204
184523	184643	120
189210	189246	36
90719	90746	27
159034	159199	165
57894	57912	18
214734	214830	96
161185	161341	156
138369	138453	84
54372	54402	30
81238	81247	9
97490	97532	42
217703	217709	6
174827	174890	63
197668	197689	21
133429	133462	33
19341	19470	129
43650	43842	192
174368	174626	258
80029	80110	81
145391	145454	63
131863	131932	69
157761	157770	9
212385	212568	183
182757	182799	42
154096	154120	24
44054	44099	45
222066	222081	15
97700	97715	15
214059	214185	126
170734	170896	162
49018	49045	27
225958	226126	168
85778	85850	72
143827	143854	27
54858	54921	63
78723	78750	27
9430	9631	201
5245	5440	195
92312	92360	48
88097	88127	30
95638	95668	30
18818	18944	126
147800	147818	18
22969	22999	30
18465	18486	21
9684	9708	24
18755	18779	24
222098	222131	33
210741	210798	57
199742	199784	42
76008	76113	105
17670	17718	48
78969	79023	54
185819	185840	21
130036	130045	9
184414	184495	81
56378	56573	195
121820	121910	90
62820	62955	135
51030	51093	63
210109	210196	87
95769	95826	57
185074	185122	48
211786	211813	27
137377	137500	123
69271	69292	21
106367	106598	231
59917	59977	60
220773	220782	9
64240	64300	60
136207	136228	21
159720	159735	15
185647	185698	51
28100	28133	33
18964	19009	45
19659	19710	51
226990	227002	12
173868	173874	6
160853	160919	66
199577	199724	147
5819	5861	42
32233	32263	30
134728	134821	93
194950	194968	18
94507	94546	39
186917	187064	147
24396	24492	96
212868	212901	33
13996	14005	9
10264	10294	30
4311	4332	21
136933	137131	198
93932	93971	39
26434	26443	9
167477	167495	18
11316	11328	12
84843	84858	15
91084	91132	48
175465	175507	42
77265	77274	9
164518	164581	63
54985	55078	93
210600	210705	105
155461	155470	9
77710	77737	27
13469	13700	231
138019	138037	18
34854	34920	66
55630	55645	15
111445	111577	132
35773	35797	24
127577	127652	75
220630	220639	9
56050	56257	207
200366	200408	42
155777	155939	162
220889	221102	213
223526	223763	237
55221	55278	57
119249	119333	84
51672	51708	36
102250	102322	72
141859	141952	93
63311	63317	6
92088	92100	12
121127	121205	78
104343	104385	42
204369	204384	15
58297	58321	24
68724	68778	54
224640	224652	12
23437	23455	18
164641	164683	42
49733	49850	117
189276	189309	33
55280	55313	33
63825	63855	30
206244	206262	18
204098	204227	129
193795	193855	60
40994	41048	54
216493	216502	9
185540	185573	33
149431	149521	90
180830	180863	33
176531	176546	15
21984	21999	15
227081	227324	243
31675	31699	24
224501	224591	90
44644	44992	348
118505	118574	69
132581	132623	42
90649	90670	21
217925	217964	39
214451	214637	186
41207	41231	24
114846	114855	9
42151	42271	120
29940	30048	108
178181	178238	57
163255	163531	276
128327	128408	81
65113	65287	174
154213	154432	219
104429	104639	210
110183	110255	72
162868	162940	72
205550	205682	132
102943	103123	180
216576	216627	51
209271	209286	15
167608	167716	108
54423	54447	24
223314	223320	6
42997	43030	33
226532	226649	117
150	246	96
117769	117790	21
118865	118919	54
118084	118120	36
166621	166699	78
60718	60727	9
187401	187434	33
145490	145619	129
10738	10861	123
67926	67944	18
202765	202906	141
121021	121027	6
117295	117568	273
27255	27336	81
103344	103350	6
15992	16055	63
75610	75760	150
122156	122177	21
201804	201939	135
174291	174312	21
91016	91043	27
28628	28688	60
196797	196881	84
222929	223139	210
193941	194079	138
565	661	96
173897	173960	63
87504	87516	12
209464	209506	42
95335	95398	63
155691	155775	84
9822	9849	27
108484	108535	51
222762	222849	87
59319	59355	36
176230	176245	15
154444	154456	12
23288	23384	96
142048	142093	45
197765	197777	12
182934	182979	45
69667	69727	60
1738	1939	201
101924	102023	99
200872	200884	12
132882	132927	45
162583	162853	270
29658	29856	198
17793	17820	27
156437	156449	12
128956	128995	39
148306	148336	30
118670	118853	183
2367	2391	24
25250	25280	30
17153	17171	18
184060	184216	156
32121	32178	57
157835	157856	21
99600	99645	45
135817	135838	21
127341	127377	36
213702	213735	33
199797	199923	126
170094	170355	261
221742	221748	6
63872	63896	24
23212	23257	45
113666	113759	93
39735	39879	144
151927	152131	204
23061	23139	78
20981	21008	27
83336	83351	15
120605	120704	99
187174	187228	54
159874	160045	171
109109	109166	57
26057	26078	21
105322	105376	54
207255	207399	144
49936	50047	111
217801	217915	114
55335	55506	171
53723	53819	96
52605	52707	102
204388	204430	42
79056	79071	15
98156	98216	60
123100	123211	111
224905	224932	27
139020	139062	42
53245	53302	57
103762	103801	39
48906	48996	90
957	1191	234
73404	73449	45
202599	202608	9
161369	161414	45
140767	140785	18
17181	17193	12
48454	48535	81
100651	100681	30
214881	214983	102
122699	122759	60
192844	192910	66
225078	225168	90
188369	188447	78
85250	85526	276
84644	84791	147
139650	139671	21
28251	28326	75
193419	193629	210
229807	229834	27
73859	74096	237
143137	143473	336
83226	83271	45
94446	94506	60
193717	193750	33
13151	13169	18
68105	68177	72
155483	155489	6
75764	75782	18
51097	51157	60
63520	63748	228
124770	124779	9
34398	34578	180
73378	73390	12
187589	187619	30
213084	213267	183
100362	100419	57
175218	175230	12
65983	66046	63
69342	69417	75
202072	202159	87
165654	165711	57
62659	62668	9
90155	90299	144
178006	178033	27
37580	37736	156
28158	28185	27
209017	209047	30
145454	145481	27
679	778	99
190426	190504	78
143752	143812	60
29178	29304	126
211350	211371	21
139067	139208	141
50253	50289	36
71312	71366	54
127215	127335	120
206581	206605	24
82784	82844	60
194890	194944	54
83143	83179	36
72259	72301	42
164858	164879	21
202990	203122	132
224146	224356	210
161665	161815	150
67819	67855	36
18166	18172	6
94229	94391	162
145117	145144	27
165955	166159	204
127038	127125	87
144765	144792	27
213353	213428	75
146284	146431	147
12658	12703	45
24572	24620	48
86493	86604	111
179686	179884	198
154925	155039	114
20557	20644	87
112616	112769	153
68499	68613	114
213575	213602	27
129404	129440	36
175191	175203	12
127663	127720	57
229157	229184	27
123298	123487	189
199333	199363	30
112235	112427	192
222857	222896	39
24652	24736	84
207841	208090	249
230083	230149	66
173015	173144	129
156297	156333	36
138890	138908	18
171048	171111	63
154493	154511	18
125935	125980	45
165745	165856	111
161930	162005	75
115462	115489	27
60746	60764	18
116391	116442	51
149107	149128	21
150889	150970	81
119415	119457	42
198114	198123	9
168282	168288	6
157120	157171	51
54455	54830	375
16692	16746	54
164048	164147	99
94869	94935	66
105086	105191	105
33223	33307	84
118057	118072	15
142950	142992	42
38884	38950	66
185171	185264	93
8520	8526	6
107029	107059	30
57919	58153	234
111404	111425	21
84498	84558	60
165166	165304	138
41863	41878	15
74331	74424	93
88000	88045	45
190677	190827	150
64477	64540	63
29465	29564	99
106348	106357	9
157495	157573	78
32024	32072	48
219493	219571	78
29858	29912	54
78096	78147	51
116311	116362	51
52574	52580	6
42458	42620	162
70816	70855	39
106010	106070	60
227587	227596	9
66350	66359	9
206343	206394	51
125501	125591	90
129566	129578	12
205492	205504	12
127940	128066	126
61661	61766	105
176083	176221	138
216542	216569	27
44379	44421	42
109901	109907	6
118194	118251	57
113792	113891	99
224361	224400	39
208855	208903	48
197860	197947	87
150260	150269	9
170022	170073	51
122846	122870	24
228261	228267	6
12355	12376	21
172031	172049	18
178385	178460	75
16221	16248	27
64190	64211	21
60061	60076	15
42624	42669	45
37736	37787	51
115976	116114	138
177203	177236	33
21456	21708	252
227773	227800	27
39605	39728	123
52036	52144	108
91349	91439	90
202317	202326	9
6230	6317	87
87725	87746	21
17782	17788	6
50743	50935	192
192395	192413	18
141038	141107	69
43032	43056	24
206713	206749	36
78458	78512	54
168842	168860	18
25929	25947	18
88866	89031	165
115676	115733	57
159304	159337	33
29585	29612	27
150330	150360	30
216663	216696	33
136097	136121	24
183699	183825	126
110330	110342	12
178109	178124	15
222313	222400	87
70861	70951	90
112183	112213	30
196478	196493	15
69173	69251	78
180070	180223	153
38725	38764	39
10340	10382	42
67610	67658	48
98517	98802	285
109219	109315	96
200484	200586	102
48592	48781	189
173740	173809	69
7674	7707	33
214845	214869	24
33307	33373	66
14767	14815	48
97550	97586	36
206277	206283	6
216296	216407	111
10446	10452	6
76747	76867	120
188827	188881	54
38065	38101	36
87236	87332	96
91723	91729	6
61495	61579	84
55657	55675	18
51228	51234	6
183665	183671	6
139399	139414	15
91989	92007	18
125752	125818	66
163971	164034	63
133986	134193	207
135471	135528	57
144391	144487	96
72221	72239	18
145156	145183	27
138857	138884	27
56878	56926	48
141763	141841	78
86849	87032	183
123789	123840	51
9345	9351	6
117978	118008	30
207443	207452	9
186485	186548	63
80449	80482	33
133594	133672	78
25628	25754	126
10214	10244	30
82474	82543	69
113563	113572	9
110687	110741	54
140505	140517	12
19803	19869	66
182237	182324	87
80135	80219	84
180510	180531	21
208658	208847	189
62962	63013	51
98835	98865	30
90779	90866	87
94195	94222	27
109323	109377	54
148800	148812	12
145645	145783	138
140607	140613	6
126738	126822	84
173809	173836	27
66424	66685	261
146899	146965	66
154653	154692	39
66151	66208	57
84885	85158	273
218402	218498	96
156602	156689	87
89957	90146	189
96064	96079	15
148385	148481	96
202974	202986	12
47099	47513	414
125387	125414	27
25963	25969	6
95701	95725	24
65659	65707	48
25999	26056	57
35138	35246	108
137157	137313	156
64958	65036	78
20366	20393	27
227944	227953	9
55998	56031	33
103139	103163	24
126978	127026	48
160067	160205	138
60280	60322	42
101281	101287	6
179455	179539	84
25062	25134	72
27422	27458	36
220803	220812	9
145074	145092	18
111000	111024	24
108914	108920	6
183603	183636	33
27001	27094	93
218198	218375	177
176980	176986	6
102098	102143	45
211249	211264	15
150013	150022	9
8026	8425	399
27917	27983	66
69732	69741	9
20717	20873	156
53405	53477	72
50329	50548	219
62143	62254	111
65532	65562	30
148812	148986	174
115319	115364	45
147028	147334	306
17877	17901	24
225858	225939	81
7376	7433	57
72318	72342	24
186809	186869	60
217490	217523	33
46380	46434	54
126660	126723	63
155223	155262	39
42940	42967	27
9856	9922	66
66923	66929	6
93557	93830	273
168518	168641	123
158222	158465	243
112495	112582	87
102902	102920	18
94605	94830	225
204268	204286	18
159352	159379	27
181317	181332	15
106635	106683	48
23654	23735	81
201259	201271	12
67253	67262	9
6897	6975	78
170691	170733	42
167731	167833	102
26886	26907	21
16809	16857	48
32486	32804	318
99797	99812	15
114742	114775	33
22580	22601	21
226351	226513	162
214990	215017	27
220649	220760	111
191954	191975	21
163538	163841	303
156712	156886	174

