ORFlength	 absolute_frequency
90	40
3591	1
102	25
3102	1
18	153
921	1
84	29
27	114
741	1
4068	1
57	59
1866	1
231	5
243	1
1989	1
78	40
978	1
294	1
1614	1
93	28
1743	1
261	2
1782	1
291	1
138	9
114	21
153	8
15	143
81	36
4416	1
60	61
648	1
459	1
321	1
1929	1
2130	1
204	5
165	11
198	6
489	1
129	17
1392	1
1482	1
186	8
1110	1
2280	1
147	11
333	1
228	4
273	2
249	2
168	5
2142	1
135	14
69	38
24	118
1308	1
234	2
282	2
96	27
126	17
159	17
426	1
279	1
2283	1
498	1
357	2
216	4
810	1
117	17
195	9
33	88
21	149
63	61
660	1
831	1
288	2
336	1
99	28
180	8
324	2
72	50
162	13
3969	1
255	6
297	2
240	1
246	2
1200	1
786	1
108	24
201	7
477	1
423	1
189	3
225	2
342	1
207	4
48	113
87	29
4308	1
174	7
444	1
513	1
123	14
564	1
1194	1
39	93
210	4
12	150
258	4
312	1
45	94
66	59
507	1
54	65
1002	1
237	1
306	3
549	1
1734	1
402	1
2514	1
144	13
141	14
30	105
222	3
300	1
252	2
120	27
75	42
156	5
192	5
303	1
381	2
177	4
2358	1
150	11
1323	1
387	1
2925	1
267	3
42	93
363	2
354	1
219	4
105	29
6	197
36	102
213	6
183	7
111	27
51	74
9	200
1869	1
456	1
591	1
975	1
132	15
171	6

