start pos	end pos	length
26679	26703	24
226328	226436	108
176114	176162	48
127219	127318	99
83851	83914	63
187775	187796	21
185598	185631	33
57104	57218	114
31988	32015	27
197145	197157	12
130084	130114	30
87732	87816	84
39046	39139	93
29618	29651	33
121347	121371	24
213245	213269	24
55854	55899	45
212729	212801	72
17773	17884	111
458	464	6
17328	17337	9
212853	212862	9
43495	43540	45
52470	52743	273
205789	205945	156
197583	197652	69
152540	152765	225
60091	60166	75
200071	200077	6
139810	139843	33
137765	137777	12
128136	128205	69
115338	115386	48
29746	29755	9
133866	133932	66
1630	1684	54
171534	171585	51
191063	191120	57
80620	80707	87
216700	216718	18
73586	73649	63
62681	62720	39
49918	49933	15
14571	14577	6
41364	41412	48
147675	147834	159
135897	135954	57
183876	183894	18
220750	220762	12
52258	52267	9
200301	200319	18
179500	179521	21
172472	172508	36
200357	200429	72
158704	158818	114
15400	15484	84
182507	182804	297
128495	128540	45
92834	92849	15
67190	67196	6
115674	115806	132
172279	172297	18
176696	176780	84
174667	174676	9
149678	149726	48
85302	85320	18
36549	36570	21
93830	93860	30
76015	76078	63
41672	41732	60
59130	59235	105
169087	169108	21
121392	121509	117
221134	221209	75
135649	135667	18
130124	130184	60
111878	111890	12
170234	170240	6
118196	118208	12
128717	128876	159
79171	79180	9
198225	198291	66
44478	44538	60
162914	162983	69
119859	119880	21
49522	49567	45
31978	31984	6
74235	74274	39
52182	52215	33
158285	158417	132
229572	229581	9
162657	162810	153
138308	138428	120
56797	56827	30
72175	72193	18
179726	179801	75
118227	118254	27
148453	148468	15
117310	117322	12
70162	70255	93
68371	68380	9
18147	18339	192
75571	75610	39
22406	22421	15
163717	163726	9
90031	90160	129
122760	122772	12
88816	88900	84
152098	152200	102
90795	90960	165
175520	175568	48
132406	132466	60
95422	95467	45
78406	78412	6
1381	1399	18
189679	189691	12
129328	129352	24
53750	53804	54
190421	190547	126
168747	168759	12
210269	210338	69
5188	5353	165
220256	220367	111
197925	197961	36
150156	150171	15
216811	216994	183
187532	187538	6
185018	185054	36
170927	170981	54
22316	22364	48
175300	175312	12
139915	139996	81
47460	47565	105
94680	94725	45
89539	89566	27
33929	33962	33
51815	51854	39
105384	105453	69
170275	170359	84
75486	75567	81
199400	199412	12
151378	151435	57
111214	111229	15
65137	65209	72
44732	44786	54
11455	11521	66
78031	78055	24
69236	69350	114
163046	163082	36
197110	197125	15
99281	99308	27
4704	4752	48
122090	122174	84
147156	147186	30
94513	94579	66
43087	43132	45
69628	69634	6
6169	6181	12
213423	213435	12
46812	46854	42
225460	225523	63
142992	143247	255
42793	42805	12
55155	55176	21
99101	99155	54
82266	82305	39
67944	67980	36
155157	155178	21
44596	44686	90
124707	124803	96
34669	34711	42
219891	220107	216
107968	108001	33
108535	108577	42
200089	200128	39
214143	214323	180
198563	198587	24
139298	139430	132
171894	171900	6
49866	49899	33
40590	40599	9
225025	225088	63
215474	215534	60
80296	80410	114
9747	10254	507
206557	206635	78
176591	176636	45
174600	174606	6
82321	82354	33
48504	48522	18
151776	151791	15
164176	164203	27
82646	82679	33
41043	41136	93
219489	219519	30
141932	141953	21
173748	173802	54
112893	113025	132
77466	77481	15
119314	119383	69
186956	187022	66
40649	40655	6
80218	80233	15
222324	222330	6
185739	185769	30
101414	101609	195
176956	177004	48
171483	171501	18
69520	69535	15
191255	191339	84
46947	46953	6
71238	71367	129
210549	210639	90
209152	209158	6
201216	201249	33
118497	118542	45
82964	83003	39
58288	58297	9
103396	103438	42
773	806	33
131747	131762	15
117233	117284	51
66498	66510	12
164627	164678	51
225119	225176	57
46986	47028	42
25918	26038	120
219376	219382	6
122248	122287	39
67557	67671	114
215278	215299	21
209855	209897	42
118807	118855	48
116276	116354	78
225963	225990	27
83304	83346	42
40900	40966	66
155086	155137	51
2258	2285	27
150208	150223	15
124929	124989	60
121138	121186	48
145605	145644	39
28045	28069	24
18844	18892	48
193451	193598	147
144355	144394	39
208094	208103	9
192933	192939	6
208898	208982	84
140105	140126	21
51138	51189	51
134863	134878	15
60248	60275	27
126314	126362	48
13574	13652	78
143983	143995	12
103958	103967	9
95315	95351	36
120190	120253	63
21962	21974	12
178222	178285	63
101385	101409	24
50565	50574	9
16324	16357	33
700	742	42
6401	6458	57
140520	140634	114
187984	188074	90
91713	91719	6
189345	189669	324
110445	110589	144
990	1062	72
58332	58374	42
131660	131708	48
74435	74489	54
217219	217243	24
89122	89179	57
78555	78636	81
4047	4062	15
143853	143910	57
89797	89824	27
3638	3710	72
27450	27522	72
124461	124494	33
217389	218220	831
199482	199494	12
13094	13154	60
170600	170627	27
85618	85705	87
187413	187458	45
222384	222423	39
122905	122920	15
5370	5394	24
16257	16266	9
67869	67896	27
153539	153590	51
219713	219803	90
32470	32488	18
84240	84252	12
81079	81157	78
119410	119416	6
32343	32361	18
30473	30500	27
197778	197802	24
93526	93667	141
167750	167930	180
87892	88033	141
36681	36705	24
128313	128361	48
110788	110950	162
98297	98402	105
140407	140449	42
193659	193917	258
209754	209775	21
86758	86785	27
78211	78298	87
27751	27793	42
77194	77218	24
155571	155607	36
111028	111046	18
40030	40063	33
29118	29145	27
129039	129048	9
151226	151247	21
144016	144040	24
206685	206700	15
161225	161243	18
213604	213667	63
121684	121735	51
158909	158930	21
137000	137096	96
138476	138482	6
161918	162209	291
54801	54873	72
94473	94488	15
211906	211915	9
162251	162266	15
58812	58860	48
221570	221594	24
111694	111712	18
165614	165776	162
40394	40421	27
106445	106472	27
35107	35137	30
202959	202989	30
66702	66711	9
89225	89273	48
206059	206110	51
178883	178931	48
133124	133175	51
49232	49283	51
104232	104295	63
78168	78174	6
49947	49959	12
215915	215930	15
46517	46529	12
47282	47303	21
171953	172253	300
144806	144974	168
132743	132773	30
197009	197051	42
104932	105073	141
44332	44377	45
17467	17476	9
61660	61774	114
61492	61504	12
65429	65603	174
20281	20407	126
11028	11043	15
26408	26444	36
220435	220468	33
16086	16095	9
173365	173395	30
43757	43763	6
43600	43615	15
84787	84799	12
194025	194328	303
186846	186867	21
28189	28252	63
153014	153056	42
111972	111996	24
123845	123917	72
187597	187639	42
103083	103107	24
81714	81738	24
210815	210860	45
129408	129417	9
84057	84129	72
17602	17752	150
225536	225554	18
188737	188749	12
215114	215159	45
202115	202151	36
138746	138755	9
70732	70807	75
44286	44313	27
94110	94188	78
188270	188378	108
63931	63973	42
212407	212458	51
174748	174772	24
127738	127753	15
71587	71641	54
180763	180820	57
216447	216555	108
194653	194680	27
160600	160723	123
80064	80073	9
46880	46925	45
33605	33650	45
137978	138080	102
11716	11743	27
19832	19916	84
98405	98420	15
50353	50380	27
89180	89216	36
60180	60189	9
59524	59599	75
130488	130587	99
226053	226215	162
213697	213715	18
149976	149982	6
103193	103235	42
101994	102039	45
47193	47268	75
57221	57272	51
44893	44986	93
213825	213837	12
157883	158087	204
139238	139283	45
34085	34208	123
213852	213867	15
71884	71947	63
48782	48800	18
136464	136518	54
113493	113631	138
173807	173825	18
43549	43561	12
160086	160110	24
155992	156001	9
120814	120853	39
3930	4038	108
9386	9584	198
132277	132343	66
150408	150417	9
190581	190596	15
67263	67332	69
95601	95625	24
57745	57775	30
30987	31092	105
27731	27749	18
28944	28953	9
221107	221131	24
121631	121667	36
187108	187129	21
105662	105671	9
188881	188977	96
196867	196933	66
47120	47135	15
17487	17517	30
155765	155828	63
15289	15334	45
10302	10413	111
137267	137342	75
154789	154804	15
125451	125457	6
64977	65085	108
108147	108183	36
188424	188439	15
88686	88704	18
12671	12686	15
229701	229743	42
169149	169227	78
157019	157028	9
55383	55416	33
227314	227326	12
213169	213175	6
171045	171141	96
68289	68313	24
43029	43083	54
12551	12641	90
221238	221265	27
7759	8203	444
105807	105819	12
154976	154985	9
105977	105998	21
220373	220391	18
219301	219358	57
35846	35999	153
142110	142182	72
121374	121392	18
202720	202747	27
209796	209811	15
64801	64807	6
190891	190948	57
143610	143637	27
222855	222903	48
153089	153182	93
229772	229784	12
114664	114727	63
92534	92570	36
45778	45805	27
153294	153321	27
2782	2917	135
12406	12418	12
186369	186399	30
179312	179417	105
100089	100182	93
107166	107247	81
142752	142797	45
169369	169408	39
7227	7422	195
207799	207853	54
178287	178338	51
16774	16783	9
174796	174913	117
69047	69209	162
210040	210094	54
203292	204906	1614
124373	124382	9
97847	97871	24
175334	175358	24
119982	119988	6
48613	48763	150
56460	56538	78
2986	2995	9
50576	50648	72
213950	213980	30
133935	133941	6
119025	119148	123
66461	66482	21
133665	133683	18
73822	73849	27
61263	61380	117
77692	77716	24
213403	213421	18
170102	170123	21
48772	48781	9
172348	172354	6
77952	78018	66
166282	166327	45
129186	129198	12
208268	208280	12
208185	208221	36
39524	39551	27
160228	160360	132
65776	65782	6
3165	3270	105
214575	214611	36
185111	185135	24
64687	64735	48
59256	59328	72
123626	123671	45
5100	5118	18
114528	114576	48
182914	183001	87
181969	182077	108
127768	127846	78
40141	40330	189
149879	149957	78
142035	142056	21
108368	108476	108
225824	225842	18
91850	91856	6
137217	137223	6
133735	133834	99
158153	158219	66
117422	117491	69
64082	64208	126
224487	224547	60
219175	219250	75
30675	30735	60
53266	53272	6
226508	226607	99
108248	108257	9
202610	202622	12
96068	96278	210
94738	94795	57
17904	17913	9
67395	67422	27
13250	13370	120
107708	107717	9
96982	97042	60
11924	11972	48
176224	176245	21
66762	66783	21
15945	15966	21
154954	154960	6
83651	83681	30
212173	212338	165
226636	226678	42
168846	168948	102
1819	1966	147
62534	62669	135
218705	218723	18
199299	199305	6
142312	142351	39
12333	12339	6
121005	121035	30
176646	176691	45
109346	109358	12
74201	74234	33
125709	125718	9
203122	203266	144
80506	80536	30
45714	45753	39
155956	155986	30
136878	136884	6
207936	207999	63
171691	171730	39
211988	212069	81
137704	137755	51
72942	73170	228
226261	226297	36
177013	177148	135
29242	29296	54
70347	70419	72
177316	177337	21
86820	86829	9
41614	41653	39
103693	103750	57
82822	82828	6
82246	82261	15
77571	77640	69
73482	73494	12
131262	131274	12
56719	56782	63
121509	121521	12
192144	192189	45
165816	165891	75
155927	155939	12
60597	60648	51
4481	4550	69
32030	32081	51
98191	98230	39
58866	58902	36
119155	119170	15
113971	113986	15
80446	80488	42
2486	2525	39
20159	20249	90
170634	170901	267
51933	52011	78
128564	128570	6
23665	25399	1734
18013	18022	9
106771	106834	63
211500	211521	21
105642	105654	12
68701	68746	45
91047	91116	69
160403	160493	90
224738	224753	15
124335	124371	36
94850	95306	456
212516	212543	27
188674	188713	39
23314	23338	24
224167	224194	27
148789	148849	60
21841	21853	12
62871	62967	96
183320	183575	255
138254	138266	12
50924	50954	30
15524	15533	9
92620	92692	72
86552	86558	6
12790	12808	18
17889	17895	6
67536	67554	18
2919	2967	48
61434	61452	18
46628	46727	99
8899	9151	252
222533	222569	36
221375	221396	21
146954	146975	21
57299	57347	48
58174	58222	48
103145	103157	12
34555	34663	108
216224	216242	18
126175	126214	39
220774	220906	132
66999	67035	36
64913	64919	6
28267	28306	39
207226	207484	258
158614	158635	21
63259	63265	6
146755	146833	78
32367	32448	81
47569	47581	12
156779	156818	39
22499	22529	30
107360	107408	48
64604	64682	78
226969	226984	15
41247	41307	60
175581	175608	27
105175	105184	9
40526	40568	42
48306	48399	93
145279	145528	249
198824	198869	45
54352	54400	48
66423	66444	21
209095	209116	21
16235	16244	9
60276	60387	111
93265	93451	186
20014	20029	15
20854	20929	75
78441	78462	21
66187	66211	24
472	511	39
21404	21413	9
25748	25781	33
126457	126463	6
78319	78388	69
213739	213754	15
108287	108293	6
43175	43211	36
55904	56000	96
188464	188473	9
29796	29868	72
105771	105783	12
224785	224845	60
227548	227602	54
177833	177857	24
106110	106176	66
103375	103390	15
148315	148321	6
148211	148217	6
116548	116596	48
194440	194494	54
157418	157529	111
152020	152092	72
82849	82855	6
208653	208704	51
163969	163981	12
180597	180633	36
131276	131285	9
123002	123047	45
103929	103938	9
125126	125204	78
121530	121629	99
154702	154726	24
85396	85507	111
18978	19065	87
45598	45658	60
129595	129907	312
25513	25534	21
43654	43663	9
201545	201560	15
94008	94074	66
88975	89056	81
196740	196797	57
94238	94424	186
223506	223593	87
225600	225609	9
194611	194638	27
149135	149168	33
216426	216438	12
138824	138836	12
196096	196585	489
185169	185184	15
178007	178043	36
164707	164722	15
154302	154308	6
58027	58099	72
137574	137598	24
96751	96763	12
103486	103492	6
12009	12096	87
5722	5806	84
49352	49361	9
122810	122882	72
71487	71586	99
214438	214453	15
14595	14679	84
131193	131229	36
95653	95659	6
22856	23189	333
13408	13498	90
111385	111445	60
186	231	45
182114	182144	30
107281	107308	27
124093	124183	90
77424	77436	12
42195	42501	306
212889	212976	87
131477	131495	18
101129	101228	99
11189	11309	120
108595	108718	123
98076	98091	15
118083	118194	111
30232	30265	33
187803	187836	33
141267	141285	18
134250	134259	9
124560	124677	117
216621	216657	36
53832	53850	18
108020	108056	36
6186	6237	51
87004	87034	30
60729	60870	141
137375	137435	60
172969	173224	255
169440	169500	60
73665	73683	18
6799	6808	9
102395	102446	51
110725	110776	51
40440	40503	63
47371	47404	33
82500	82572	72
81823	81838	15
142071	142083	12
29669	29678	9
104452	104503	51
227328	227361	33
180394	180553	159
22547	22556	9
91474	91507	33
42918	42990	72
92735	92744	9
173234	173279	45
26128	26353	225
190316	190403	87
5395	5413	18
126038	126152	114
80245	80254	9
15150	15168	18
100816	100825	9
71659	71743	84
13525	13534	9
205054	205078	24
223252	223366	114
48496	48502	6
82690	82741	51
137860	137902	42
166793	166832	39
229246	229255	9
191504	191510	6
171743	171752	9
138884	138899	15
127914	127929	15
199755	199779	24
17056	17098	42
150540	150549	9
199563	199617	54
163940	163955	15
37261	37270	9
192811	192820	9
76308	76335	27
224376	224469	93
172658	172760	102
147981	148101	120
228045	228060	15
207086	207095	9
33462	33558	96
14426	14516	90
58461	58494	33
220537	220579	42
213176	213239	63
20696	20750	54
140894	140930	36
84336	84351	15
140664	140793	129
73683	73743	60
48823	48847	24
164563	164578	15
175848	175872	24
137788	137851	63
186600	186699	99
106426	106432	6
75619	75667	48
193190	193307	117
46045	46069	24
223389	223500	111
84144	84237	93
83568	83580	12
29038	29083	45
161353	161389	36
122922	122946	24
156339	156405	66
77751	77778	27
655	697	42
165971	166100	129
215938	215944	6
110161	110332	171
102802	102820	18
102539	102686	147
98023	98047	24
21430	21445	15
224303	224342	39
73248	73254	6
224769	224781	12
131955	132021	66
109447	109462	15
202639	202711	72
217057	217066	9
180824	180833	9
191996	192008	12
228340	228367	27
172855	172921	66
97543	97552	9
66551	66647	96
83918	83954	36
57515	57533	18
225644	225695	51
139497	139569	72
185212	185323	111
132958	133093	135
211067	211115	48
120024	120030	6
61547	61565	18
70916	70934	18
44067	44247	180
45182	45335	153
27991	28000	9
113247	113289	42
156014	156038	24
12215	12254	39
184478	184505	27
72786	72906	120
98498	98612	114
141287	141335	48
72211	72226	15
166619	166790	171
71136	71154	18
74748	74853	105
106592	106643	51
57400	57412	12
121052	121133	81
163862	163898	36
130828	130933	105
112013	112055	42
81683	81710	27
54044	54164	120
149477	149486	9
92019	92109	90
41823	42081	258
142828	142870	42
52359	52395	36
228394	228400	6
21631	21649	18
30425	30461	36
53575	53656	81
19343	19385	42
227630	227813	183
142378	142423	45
102293	102308	15
92877	92934	57
80799	80943	144
137483	137531	48
83211	83247	36
105893	105914	21
161794	161848	54
142943	142976	33
56256	56301	45
66681	66690	9
50381	50408	27
134658	134682	24
122586	122592	6
43279	43300	21
69355	69388	33
116005	116233	228
5444	5501	57
170065	170074	9
134620	134656	36
32584	32605	21
140188	140260	72
18828	18843	15
33417	33447	30
141838	141886	48
94609	94645	36
113103	113157	54
132692	132713	21
195229	195253	24
145168	145195	27
171224	171299	75
129362	129371	9
144974	144995	21
126839	126866	27
58542	58608	66
129253	129289	36
200429	200543	114
134935	134989	54
96598	96709	111
99489	99507	18
184743	184767	24
177715	177739	24
149493	149529	36
145941	145989	48
121272	121281	9
104176	104185	9
81800	81806	6
89888	89915	27
109994	110144	150
95788	95806	18
221790	221901	111
61154	61226	72
159858	159888	30
102088	102142	54
134193	134235	42
114219	114447	228
164891	164930	39
210657	210702	45
146020	146080	60
202189	202210	21
2046	2097	51
199650	199659	9
147083	147089	6
228096	228129	33
191132	191138	6
28802	28808	6
112844	112886	42
29221	29242	21
75235	75265	30
9199	9304	105
218723	218744	21
198321	198384	63
147308	147314	6
139145	139163	18
138758	138767	9
36177	36318	141
48191	48281	90
79193	79208	15
21738	21750	12
91269	91281	12
169271	169364	93
21344	21395	51
20476	20497	21
222737	222854	117
200676	200721	45
106280	106292	12
65678	65714	36
102984	102993	9
199369	199384	15
88233	88299	66
44250	44259	9
53464	53506	42
100997	101060	63
203038	203122	84
143316	143403	87
43310	43325	15
210705	210732	27
157628	157835	207
136974	136983	9
34922	34988	66
46533	46602	69
195833	195863	30
214932	215001	69
192411	192474	63
211744	211756	12
138664	138712	48
214866	214917	51
127543	127663	120
39448	39454	6
126619	126640	21
202231	202276	45
226900	226963	63
45864	45876	12
30833	30851	18
28434	28578	144
112206	112215	9
144150	144171	21
54982	55057	75
110653	110713	60
176264	176333	69
135669	135675	6
183738	183807	69
197509	197563	54
209002	209026	24
86882	86990	108
222651	222672	21
189767	189806	39
12891	12945	54
61782	61872	90
54891	54927	36
211547	211583	36
134682	134721	39
201299	201455	156
197387	197429	42
192990	193038	48
126403	126439	36
192738	192780	42
79388	79403	15
70672	70717	45
222984	223056	72
193334	193439	105
160519	160537	18
107467	107590	123
199933	200023	90
132114	132129	15
28772	28787	15
59796	59850	54
67513	67531	18
221444	221495	51
229792	229882	90
205204	205222	18
35704	35725	21
159549	159579	30
64807	64819	12
125052	125067	15
194927	194954	27
164588	164606	18
46172	46418	246
149859	149877	18
30644	30653	9
116430	116532	102
187468	187489	21
206903	206939	36
138230	138254	24
199439	199457	18
181639	181813	174
163824	163833	9
161255	161276	21
65614	65632	18
181333	181381	48
140946	141141	195
224267	224297	30
4214	4334	120
59890	59896	6
31779	31893	114
42511	42553	42
180010	180115	105
15343	15376	33
227066	227102	36
155496	155529	33
181947	181965	18
851	875	24
57280	57289	9
74961	75117	156
87186	87210	24
15994	16066	72
5140	5152	12
186555	186585	30
118258	118321	63
15922	15934	12
135717	135801	84
71198	71207	9
91650	91674	24
222449	222506	57
220113	220173	60
121303	121324	21
92178	92235	57
154850	154898	48
64414	64534	120
159402	159453	51
3031	3049	18
214005	214062	57
99528	99564	36
33176	33269	93
143581	143593	12
91979	92009	30
50683	50788	105
57572	57593	21
206113	206164	51
227368	227527	159
71949	72111	162
14519	14567	48
17284	17308	24
135241	135250	9
65086	65134	48
158886	158898	12
92474	92513	39
28851	28908	57
186093	186168	75
185384	185489	105
47405	47447	42
62726	62735	9
148880	148907	27
163628	163658	30
111726	111744	18
166862	167105	243
125585	125675	90
87597	87648	51
18730	18736	6
75355	75436	81
55220	55274	54
72405	72432	27
18529	18550	21
118583	118682	99
26067	26121	54
219036	219156	120
121973	122090	117
201767	201896	129
127033	127162	129
31431	31530	99
75674	75713	39
136917	136965	48
63224	63248	24
168101	168113	12
35503	35524	21
81238	81256	18
151793	151925	132
211154	211199	45
16842	16968	126
74898	74961	63
145061	145106	45
217369	217387	18
183968	184142	174
38438	38501	63
59473	59479	6
4593	4689	96
55670	55817	147
22042	22105	63
89713	89755	42
119478	119595	117
16496	16523	27
35029	35101	72
18360	18414	54
1067	1307	240
63776	63824	48
166543	166609	66
3356	3476	120
65669	65678	9
67433	67496	63
145218	145272	54
144266	144329	63
169991	170063	72
164105	164114	9
175078	175225	147
181871	181916	45
10664	10691	27
84548	84587	39
117849	117897	48
184660	184693	33
30118	30136	18
218785	218791	6
17962	17968	6
184181	184340	159
210741	210807	66
130663	130702	39
182168	182381	213
159661	159676	15
41749	41776	27
173599	173671	72
25648	25669	21
43902	44049	147
130214	130277	63
106318	106372	54
91287	91383	96
195407	195431	24
57660	57720	60
221943	222024	81
112568	112625	57
214624	214657	33
51030	51063	33
64034	64040	6
125377	125383	6
210109	210238	129
147494	147518	24
21534	21597	63
148948	148984	36
133315	133537	222
19921	19978	57
125113	125119	6
61565	61655	90
135559	135568	9
82618	82645	27
67701	67731	30
215038	215083	45
36012	36096	84
43861	43891	30
67054	67069	15
138488	138548	60
138969	139071	102
352	400	48
28360	28381	21
10552	10645	93
206751	206769	18
8206	8227	21
104374	104386	12
69670	69796	126
85857	86103	246
206237	206285	48
15171	15267	96
124680	124689	9
19314	19326	12
30060	30111	51
70296	70317	21
159581	159614	33
26446	26500	54
78768	78819	51
213339	213387	48
197225	197231	6
92388	92409	21
27973	27991	18
176492	176498	6
67760	67820	60
180896	180923	27
42837	42894	57
146237	146258	21
51345	51381	36
210384	210444	60
200809	200818	9
160993	161023	30
19149	19167	18
191165	191213	48
75936	75963	27
159329	159335	6
186474	186480	6
88751	88808	57
1770	1788	18
101309	101327	18
194410	194422	12
127441	127528	87
21475	21514	39
195504	195513	9
183125	183149	24
223952	224003	51
165446	165467	21
13974	14079	105
122455	122494	39
100377	100395	18
122196	122241	45
45075	45120	45
142560	142674	114
20113	20122	9
79479	79530	51
184963	185008	45
49803	49860	57
228428	228452	24
137241	137250	9
92115	92154	39
143721	143751	30
68545	68620	75
212561	212645	84
5665	5683	18
108002	108008	6
65322	65340	18
133193	133226	33
43335	43479	144
73296	73446	150
165024	165051	27
187283	187289	6
47708	47741	33
62094	62253	159
93001	93112	111
175407	175485	78
155236	155440	204
117924	117987	63
220610	220649	39
40967	40988	21
104053	104062	9
131517	131523	6
149570	149633	63
66042	66081	39
90416	90437	21
215546	215582	36
10809	10926	117
179539	179701	162
157559	157577	18
60909	61008	99
223704	223902	198
107918	107930	12
153776	153800	24
132595	132619	24
81041	81047	6
180175	180313	138
63631	63649	18
214502	214562	60
167445	167460	15
121845	121953	108
123293	123326	33
171760	171868	108
3101	3140	39
229278	229335	57
146575	146611	36
104697	104805	108
166344	166356	12
219807	219837	30
150587	150707	120
179245	179254	9
543	603	60
178381	178429	48
150394	150403	9
134775	134859	84
7203	7209	6
159939	159978	39
133560	133641	81
52946	53108	162
131930	131954	24
12441	12492	51
138565	138655	90
156538	156583	45
18664	18730	66
198656	198761	105
9308	9347	39
34775	34904	129
56183	56228	45
224072	224111	39
128052	128088	36
106654	106720	66
202861	202942	81
129472	129547	75
179209	179227	18
27793	27811	18
73990	74005	15
148541	148754	213
19589	19598	9
89308	89488	180
22249	22315	66
91161	91206	45
135151	135160	9
191010	191022	12
86420	86513	93
111531	111558	27
113842	113848	6
163090	163189	99
38804	39041	237
18062	18074	12
154326	154506	180
8233	8824	591
201028	201172	144
316	346	30
109504	109537	33
135677	135698	21
123137	123245	108
155882	155912	30
74140	74155	15
89657	89663	6
38584	38671	87
66725	66737	12
174945	174951	6
167461	167476	15
152868	152985	117
65833	65869	36
11338	11392	54
94816	94831	15
195790	195805	15
95746	95761	15
49204	49222	18
208407	208455	48
143995	144004	9
172511	172640	129
222701	222734	33
143931	143970	39
14803	14872	69
211640	211739	99
125718	125754	36
118386	118491	105
46089	46146	57
3071	3092	21
183009	183021	12
38347	38425	78
106233	106260	27
99912	100056	144
109587	109929	342
134155	134182	27
218852	218912	60
197473	197488	15
162276	162330	54
137126	137147	21
15583	15589	6
3335	3344	9
78495	78516	21
47592	47613	21
90602	90764	162
198901	198964	63
157192	157411	219
119213	119243	30
216606	216612	6
79850	79895	45
214369	214429	60
197233	197374	141
68321	68327	6
12281	12290	9
211589	211640	51
58630	58783	153
210882	210891	9
57003	57048	45
187645	187675	30
125255	125321	66
110971	111019	48
55335	55374	39
79056	79071	15
190681	190729	48
4470	4479	9
228610	228616	6
86698	86731	33
190102	190138	36
229082	229148	66
184383	184389	6
229014	229047	33
220963	221005	42
140307	140334	27
218239	218377	138
90259	90307	48
105844	105871	27
104	152	48
202997	203009	12
17520	17562	42
219284	219299	15
199535	199541	6
145531	145597	66
37563	37641	78
83526	83568	42
16439	16469	30
165230	165308	78
151535	151598	63
35006	35012	6
228232	228298	66
218545	218635	90
212999	213104	105
31904	31910	6
14922	14964	42
76093	76129	36
167992	168064	72
161509	161599	90
21080	21122	42
172387	172447	60
229380	229473	93
167489	167660	171
196948	196954	6
208120	208150	30
149273	149324	51
115081	115093	12
184704	184722	18
173948	173975	27
179939	179954	15
68791	68974	183
130935	130950	15
219639	219693	54
61035	61041	6
49711	49732	21
131019	131025	6
17167	17182	15
31759	31765	6
831	837	6
216304	216325	21
49568	49652	84
123549	123591	42
84883	85033	150
46012	46030	18
22170	22212	42
92816	92822	6
190767	190842	75
72344	72365	21
83742	83805	63
148991	149015	24
66325	66364	39
151002	151215	213
15102	15138	36
136277	136328	51
66085	66133	48
79913	79928	15
100209	100254	45
54690	54744	54
116721	117045	324
135834	135840	6
20500	20548	48
127856	127865	9
69398	69518	120
56663	56684	21
52396	52444	48
228196	228226	30
85549	85600	51
48912	49125	213
47786	47828	42
196634	196682	48
54433	54445	12
6773	6782	9
126252	126261	9
159245	159260	15
124257	124332	75
215239	215260	21
174373	174382	9
59852	59879	27
53348	53378	30
146838	146853	15
91527	91569	42
209914	210001	87
161655	161727	72
124551	124560	9
52457	52463	6
142807	142828	21
176206	176212	6
78913	78934	21
20408	20441	33
214835	214859	24
77106	77178	72
215828	215900	72
222156	222195	39
97658	97673	15
176920	176932	12
198114	198153	39
188589	188658	69
146277	146418	141
52766	52877	111
73881	73944	63
123737	123791	54
18567	18624	57
208059	208071	12
141366	141525	159
51499	51511	12
5593	5635	42
9652	9676	24
92756	92795	39
19744	19774	30
223651	223663	12
123967	124000	33
135474	135546	72
199135	199171	36
126469	126547	78
15572	15581	9
216041	216056	15
60487	60586	99
26989	27070	81
209424	209475	51
10536	10545	9
177585	177612	27
35143	35221	78
153983	154148	165
26832	26880	48
170375	170411	36
195121	195157	36
118003	118081	78
176422	176443	21
518	539	21
216721	216781	60
16272	16320	48
7027	7135	108
89834	89867	33
68749	68773	24
49978	50182	204
11579	11714	135
192077	192131	54
54186	54192	6
42090	42183	93
208855	208882	27
163337	163343	6
119262	119280	18
214662	214716	54
65929	66040	111
6634	6685	51
1432	1603	171
15685	15727	42
209696	209723	27
201577	201616	39
138129	138174	45
21702	21732	30
74595	74601	6
186194	186329	135
12341	12398	57
21673	21700	27
224701	224707	6
53191	53206	15
30908	30974	66
71761	71836	75
39745	40027	282
17031	17037	6
167959	167983	24
33019	33067	48
210456	210516	60
99668	99689	21
211258	211399	141
149037	149079	42
199673	199691	18
38258	38309	51
163363	163378	15
132131	132155	24
187852	187858	6
123470	123548	78
131810	131873	63
119007	119013	6
209497	209662	165
163453	163471	18
53860	54028	168
73743	73764	21
79436	79457	21
218747	218759	12
129061	129088	27
33975	34026	51
70121	70148	27
197768	197777	9
115471	115576	105
32629	32719	90
45695	45701	6
115228	115273	45
157043	157142	99
96835	96892	57
59401	59449	48
208760	208820	60
202324	202393	69
181447	181546	99
59652	59724	72
136765	136822	57
91884	91950	66
226459	226474	15
74388	74412	24
2170	2233	63
169258	169267	9
27229	27295	66
228484	228517	33
185778	185805	27
98746	98899	153
216105	216198	93
14228	14348	120
19431	19479	48
111250	111337	87
174702	174729	27
179129	179141	12
55079	55139	60
191512	191551	39
75330	75351	21
68036	68171	135
191703	191721	18
181060	181234	174
63486	63534	48
173467	173485	18
160124	160220	96
19631	19724	93
128365	128383	18
162361	162508	147
61928	62039	111
95817	96027	210
55492	55576	84
168178	168256	78
95664	95697	33
119733	119853	120
93897	93918	21
208318	208390	72
140830	140839	9
85808	85856	48
225323	225392	69
7477	7525	48
228584	228608	24
210995	211061	66
169741	169885	144
145760	145778	18
7585	7633	48
64325	64388	63
113643	113703	60
115415	115460	45
84713	84776	63
212069	212099	30
129943	130057	114
72282	72333	51
162634	162640	6
227164	227182	18
116623	116653	30
56560	56626	66
2631	2772	141
216201	216210	9
69913	69976	63
13780	13846	66
68434	68536	102
150713	150788	75
190167	190236	69
166133	166169	36
228163	228178	15
66389	66413	24
93173	93206	33
51888	51897	9
185921	185933	12
60432	60450	18
228822	228843	21
149184	149214	30
140451	140490	39
134399	134432	33
43674	43683	9
76491	76533	42
82426	82453	27
56914	56989	75
183234	183282	48
122614	122638	24
184608	184653	45
51607	51643	36
9681	9729	48
120162	120171	9
142502	142556	54
158997	159174	177
117766	117844	78
215624	215696	72
29724	29745	21
218491	218542	51
208709	208727	18
115856	115982	126
161282	161351	69
32498	32525	27
6734	6755	21
200142	200208	66
174110	174248	138
166423	166444	21
53417	53444	27
59079	59088	9
213490	213523	33
164799	164847	48
64926	64935	9
156045	156072	27
44263	44272	9
164496	164550	54
146491	146506	15
130279	130288	9
223601	223619	18
48540	48612	72
27382	27424	42
185687	185702	15
123389	123422	33
143478	143541	63
76828	76840	12
20978	21044	66
81322	81445	123
123806	123833	27
52034	52166	132
123686	123728	42
34483	34507	24
117653	117710	57
77056	77077	21
177375	177390	15
175236	175278	42
23447	23477	30
69014	69023	9
74686	74716	30
188383	188389	6
57989	57998	9
55188	55212	24
15879	15897	18
110415	110442	27
168957	169083	126
110646	110652	6
221660	221771	111
101620	101713	93
102861	102969	108
4825	4900	75
32259	32304	45
91143	91152	9
210921	210960	39
79083	79140	57
225716	225803	87
171015	171033	18
76279	76297	18
53546	53552	6
55427	55436	9
102204	102267	63
56364	56376	12
154986	155010	24
63359	63455	96
37026	37077	51
125773	125953	180
93861	93870	9
170447	170525	78
86194	86359	165
164286	164295	9
82018	82108	90
205224	205788	564
187495	187501	6
131132	131171	39
111745	111850	105
152309	152351	42
120883	120973	90
187136	187163	27
40740	40830	90
37813	37879	66
144094	144112	18
125431	125437	6
170133	170178	45
17349	17409	60
66846	66981	135
187886	187895	9
190012	190024	12
221075	221087	12
120261	120549	288
146650	146746	96

