127	0
32	0
276	3
90	45
443	0
206	0
118	0
71	0
102	39
358	0
331	0
16	0
55	0
84	50
233	0
437	0
463	0
259	0
194	0
57	95
458	0
424	0
368	0
451	0
220	0
454	0
316	0
163	0
395	0
89	0
175	0
31	0
35	0
11	0
347	0
208	0
434	0
93	40
292	0
378	0
325	0
29	0
350	0
291	1
374	0
442	0
199	0
114	33
429	0
226	0
58	0
211	0
153	14
15	217
431	0
382	0
337	0
409	0
101	0
73	0
340	0
76	0
311	0
62	0
67	0
241	0
139	0
198	3
389	0
129	19
327	0
320	0
418	0
280	0
273	0
236	0
471	1
465	0
361	0
218	0
202	0
168	8
249	2
184	0
14	0
135	12
348	0
145	0
49	0
178	0
24	179
285	0
140	0
124	0
104	0
131	0
412	0
181	0
385	0
234	0
314	0
307	0
154	0
0	0
23	0
388	0
364	0
96	33
355	0
159	11
326	0
160	0
47	0
367	0
8	0
98	0
335	0
37	0
43	0
270	0
5	0
195	3
391	0
21	220
193	0
288	2
460	0
119	0
453	0
324	0
180	5
244	0
162	9
433	0
351	0
410	0
74	0
240	2
246	2
334	0
440	0
61	0
230	0
299	0
115	0
430	0
377	0
447	0
103	0
201	4
379	0
423	0
415	0
113	0
152	0
189	3
452	0
342	0
295	0
266	0
91	0
341	0
438	0
107	0
467	0
87	44
77	0
174	9
444	0
214	0
422	0
221	0
39	171
64	0
97	0
41	0
12	257
417	1
52	0
312	0
302	0
229	0
45	130
405	0
260	0
237	1
370	0
309	0
188	0
68	0
402	0
315	0
1	0
136	0
116	0
416	0
338	0
144	10
380	0
100	0
300	0
222	1
25	0
286	0
120	16
83	0
381	0
305	0
308	0
392	0
254	0
177	9
373	0
217	0
328	0
239	0
122	0
143	0
464	0
281	0
269	0
205	0
158	0
42	130
22	0
363	0
46	0
399	0
235	0
301	0
6	306
436	0
36	162
94	0
183	6
213	2
51	105
456	0
439	0
362	0
317	0
296	0
265	0
411	0
169	0
132	21
171	10
398	0
384	0
386	0
407	0
445	0
200	0
18	216
376	0
366	0
125	0
329	0
44	0
27	182
272	0
161	0
190	0
298	0
95	0
400	0
313	0
20	0
243	2
231	1
109	0
151	0
148	0
343	0
468	0
287	0
441	0
78	49
413	0
397	0
294	0
349	0
106	0
275	0
157	0
65	0
197	0
203	0
261	2
138	16
81	46
137	0
60	93
459	0
432	0
321	0
284	0
86	0
247	0
371	0
204	3
289	0
165	12
346	0
2	0
17	0
435	0
427	0
401	0
186	3
82	0
110	0
147	9
333	1
339	0
228	0
323	0
268	0
69	72
345	0
112	0
319	0
172	0
191	0
224	0
187	0
404	0
223	0
446	0
282	3
420	0
262	0
79	0
121	0
212	0
352	0
344	0
126	24
238	0
426	0
251	0
369	0
253	0
279	0
176	0
448	0
209	0
357	0
256	0
216	1
372	0
117	21
170	0
33	164
63	75
428	0
455	0
7	0
26	0
80	0
227	0
336	1
457	0
99	37
72	72
179	0
383	0
255	2
264	3
297	0
359	0
182	0
108	27
277	0
92	0
462	0
414	0
232	0
10	0
225	0
330	0
207	0
142	0
263	0
394	0
167	0
48	121
360	0
419	0
133	0
290	0
123	25
149	0
304	0
50	0
210	4
406	0
396	0
258	0
173	0
393	0
56	0
66	77
449	0
19	0
293	0
54	85
365	0
274	0
306	0
470	0
70	0
322	0
469	0
353	0
166	0
375	0
88	0
30	181
141	15
403	0
128	0
466	0
252	0
28	0
310	0
283	0
40	0
75	66
156	9
134	0
303	0
250	0
192	2
421	0
59	0
215	0
450	0
278	0
150	5
271	0
130	0
155	0
387	0
53	0
245	0
267	0
354	0
461	0
219	2
318	0
13	0
257	0
105	24
85	0
3	0
185	0
390	0
332	0
248	0
111	30
9	270
146	0
425	0
408	0
356	0
38	0
4	0
34	0
164	0
196	0
242	0

