start pos	end pos	length
94087	94189	102
57104	57218	114
58406	58427	21
98322	98343	21
107993	108020	27
176623	176692	69
217760	217790	30
100471	100729	258
143211	143250	39
72912	73023	111
103903	103951	48
96734	96749	15
220912	220942	30
128752	128761	9
2507	2603	96
212049	212058	9
56835	56853	18
13122	13158	36
197236	197260	24
167171	167348	177
145349	145457	108
113988	113997	9
150872	150905	33
193919	193931	12
215558	215612	54
164486	164534	48
137542	137602	60
133834	133951	117
143305	143314	9
212778	212835	57
135889	136063	174
178506	178587	81
160023	160035	12
200197	200227	30
117044	117053	9
14037	14127	90
201659	201680	21
61576	61615	39
30744	30903	159
201322	201328	6
90612	90648	36
24200	24377	177
26887	26914	27
174684	174693	9
57013	57037	24
212321	212330	9
9760	9790	30
94874	94916	42
117445	117457	12
200569	200596	27
107424	107430	6
29812	29908	96
59790	59838	48
191464	191548	84
85954	85984	30
47380	47422	42
14363	14522	159
61453	61471	18
185176	185185	9
125160	125331	171
122277	122370	93
93002	93047	45
67490	67520	30
15415	15424	9
191754	191790	36
4335	4440	105
225103	225151	48
141967	141985	18
136383	136422	39
184369	184393	24
156128	156176	48
90862	90907	45
68766	68871	105
163048	163090	42
211663	211717	54
170908	170929	21
28423	28561	138
16514	16643	129
119380	119434	54
74701	74713	12
151968	151980	12
79667	79697	30
55615	55672	57
146933	146972	39
166425	166449	24
94926	94965	39
157295	157379	84
159294	159303	9
44532	44577	45
94513	94558	45
94655	94703	48
190793	190799	6
118011	118119	108
109159	109192	33
159904	160018	114
219264	219282	18
124147	124219	72
61494	61539	45
216100	216190	90
50318	50339	21
58438	58456	18
197307	197355	48
190877	190904	27
137883	137892	9
156782	156857	75
202746	202899	153
68591	68606	15
36043	36082	39
115347	115404	57
101203	101215	12
212680	212725	45
226858	226873	15
169606	169678	72
17652	17667	15
138414	138447	33
170192	170231	39
75930	75954	24
229879	229909	30
44339	44378	39
168813	168846	33
204655	204661	6
229872	229878	6
11786	11804	18
125861	125876	15
3027	3078	51
69821	69926	105
145859	145928	69
9290	9335	45
196826	196937	111
24075	24114	39
44439	44454	15
93611	93620	9
59422	59533	111
23735	23774	39
102666	102735	69
85734	85809	75
184267	184360	93
152157	152286	129
31581	31653	72
166700	166718	18
12013	12124	111
56774	56813	39
8102	8141	39
214293	214311	18
192375	192393	18
164047	164098	51
74401	74416	15
31656	31725	69
181300	181348	48
121817	121859	42
115056	115071	15
67183	67222	39
3100	3136	36
208774	208855	81
139742	139751	9
11152	11200	48
96769	96775	6
95185	95197	12
6274	6298	24
222978	223137	159
110764	110788	24
17539	17545	6
27091	27229	138
141590	141611	21
25446	25551	105
118453	118510	57
49267	49297	30
28003	28009	6
216843	216906	63
122691	122697	6
145230	145242	12
124263	124293	30
35475	35520	45
113705	113768	63
84147	84183	36
38699	38735	36
208960	208981	21
171508	171562	54
218738	218744	6
162464	162482	18
126228	126321	93
222760	222808	48
222139	222157	18
123651	123663	12
41471	41573	102
97671	97725	54
29462	29624	162
142456	142537	81
166261	166417	156
147709	147850	141
46940	46973	33
178929	178947	18
109333	109474	141
41255	41276	21
94271	94394	123
205465	205477	12
77383	77413	30
39910	39931	21
104062	104095	33
16281	16293	12
99477	99498	21
30509	30527	18
58472	58478	6
54172	54229	57
220814	220856	42
146024	146189	165
86861	86873	12
215934	215967	33
24579	24594	15
21784	21799	15
98724	98808	84
221262	221295	33
22081	22204	123
58111	58129	18
169348	169363	15
114369	114387	18
227481	227511	30
119959	120022	63
216718	216739	21
209113	209161	48
174266	174350	84
202115	202172	57
161705	161714	9
153266	153323	57
48424	48430	6
30697	30736	39
14965	14989	24
187596	187602	6
176434	176464	30
16792	16807	15
175855	175882	27
20628	20646	18
19188	19203	15
172529	172565	36
98841	98847	6
209173	209218	45
6536	6587	51
212411	212417	6
1141	1147	6
11471	11516	45
113493	113505	12
119316	119334	18
96818	96971	153
65451	65553	102
8011	8062	51
118302	118341	39
40020	40062	42
183044	183089	45
170724	170730	6
123534	123624	90
186637	186661	24
94401	94494	93
39129	39171	42
21828	21963	135
93585	93591	6
1617	1677	60
166948	166960	12
200231	200273	42
185648	185825	177
172339	172405	66
82114	82123	9
123310	123361	51
88122	88227	105
219322	219352	30
73826	73904	78
215336	215348	12
146287	146296	9
226114	226153	39
539	575	36
43551	43617	66
229667	229700	33
117833	117854	21
5748	5760	12
135164	135524	360
70019	70277	258
226474	226486	12
154012	154021	9
141305	141323	18
118138	118159	21
218449	218548	99
85385	85469	84
84595	84634	39
71941	71995	54
99759	99807	48
43275	43287	12
213998	214004	6
146876	146918	42
111845	111872	27
80786	80792	6
159583	159613	30
76908	77004	96
91675	91783	108
18348	18444	96
180286	180346	60
168616	168643	27
144812	144977	165
105899	105908	9
139527	139569	42
97802	97814	12
68727	68736	9
26739	26817	78
189485	189617	132
18491	18512	21
119209	119260	51
188271	188295	24
137263	137278	15
133571	133613	42
35779	35824	45
37314	37344	30
226194	226206	12
208574	208739	165
131391	131424	33
107524	107536	12
69117	69132	15
20672	20681	9
33972	34026	54
223393	223408	15
35065	35140	75
78338	78359	21
140034	140082	48
104763	104832	69
83882	83912	30
40004	40010	6
130371	130539	168
194405	194435	30
91478	91658	180
40156	40198	42
100330	100375	45
95850	95886	36
138946	138964	18
54872	54878	6
204445	204466	21
62534	62636	102
182003	182078	75
168974	169007	33
43062	43095	33
27718	27763	45
186515	186542	27
215351	215429	78
53749	53764	15
202528	202690	162
71091	71145	54
143422	143482	60
114708	114747	39
64657	64672	15
194707	194719	12
58871	59003	132
110109	110235	126
188247	188268	21
19787	19838	51
40949	41015	66
77961	77985	24
127037	127172	135
90021	90069	48
74792	74819	27
41372	41390	18
121118	121229	111
3531	3564	33
55123	55411	288
229529	229553	24
78923	78932	9
20441	20465	24
93921	93942	21
187257	187344	87
189110	189218	108
163091	163100	9
107662	107728	66
77709	77751	42
130594	130603	9
83266	83284	18
3513	3528	15
105665	105692	27
90434	90446	12
52280	52313	33
224483	224504	21
162880	162922	42
82472	82580	108
42521	42761	240
229105	229171	66
110262	110307	45
186890	186989	99
225507	225543	36
189221	189320	99
208225	208273	48
167664	167691	27
66160	66187	27
182321	182354	33
123856	123985	129
33044	33107	63
2059	2206	147
214400	214466	66
5632	5653	21
13482	13542	60
168069	168123	54
51041	51068	27
208875	208914	39
15268	15289	21
52653	52728	75
213645	213675	30
16772	16781	9
185375	185408	33
15543	15549	6
76566	76620	54
135680	135692	12
227226	227256	30
115945	116020	75
55690	55696	6
22025	22073	48
205399	205426	27
33832	33898	66
219142	219154	12
163560	163581	21
18994	19000	6
177001	177013	12
5077	5092	15
227770	227794	24
175248	175299	51
78319	78334	15
53176	53194	18
67846	67984	138
182565	182643	78
21748	21784	36
66089	66131	42
210279	210372	93
43683	43779	96
182703	182739	36
66890	66926	36
158371	158377	6
180074	180197	123
205221	205254	33
108115	108139	24
33415	33499	84
88334	88370	36
32170	32233	63
227397	227430	33
215910	215925	15
86616	86637	21
56704	56746	42
111931	112003	72
191708	191720	12
28669	28693	24
112896	112905	9
204685	204736	51
101323	101368	45
180819	180831	12
113321	113432	111
70623	70743	120
153116	153125	9
158985	159018	33
113949	113961	12
214595	214652	57
64411	64432	21
119055	119097	42
65172	65187	15
69780	69795	15
66197	66275	78
103968	104016	48
137279	137315	36
64478	64538	60
1052	1094	42
178069	178144	75
158795	158897	102
47508	47544	36
97815	97821	6
99440	99461	21
44223	44253	30
139228	139246	18
69270	69297	27
8781	8880	99
86926	86935	9
17443	17488	45
95032	95053	21
21005	21029	24
178597	178606	9
137737	137755	18
131256	131274	18
149455	149680	225
164577	164583	6
151713	151758	45
135540	135558	18
147998	148094	96
106861	106900	39
46419	46458	39
114617	114707	90
62658	62664	6
228485	228494	9
220699	220753	54
137346	137364	18
159432	159453	21
13858	13873	15
1873	1879	6
199168	199192	24
34175	34187	12
99868	99874	6
61626	61641	15
166728	166833	105
105166	105172	6
48714	48804	90
98623	98701	78
20799	20811	12
194152	194191	39
145096	145174	78
23705	23711	6
206372	206456	84
71549	71702	153
90922	90928	6
67567	67582	15
79230	79362	132
21819	21825	6
28843	28861	18
130106	130115	9
59993	60008	15
196468	196537	69
109263	109275	12
190585	190597	12
150635	150713	78
159455	159569	114
86544	86586	42
112084	112174	90
38439	38472	33
56886	56949	63
68883	68889	6
104220	104244	24
12217	12232	15
157642	157657	15
69386	69410	24
17920	17941	21
141673	141709	36
137892	137925	33
8614	8662	48
34189	34207	18
222092	222104	12
154416	154443	27
79895	79958	63
130684	130756	72
47582	47657	75
118935	119004	69
123020	123038	18
218296	218338	42
105533	105557	24
137428	137467	39
185059	185083	24
163690	163723	33
210231	210264	33
207678	207768	90
72602	72635	33
193178	193187	9
108757	108880	123
68377	68494	117
194489	194597	108
97324	97330	6
143536	143677	141
14525	14531	6
105268	105304	36
190288	190300	12
198297	198321	24
157701	157737	36
152846	152900	54
158273	158342	69
45830	45839	9
168769	168811	42
6236	6269	33
152116	152131	15
201338	201377	39
132666	132681	15
198020	198068	48
22979	23015	36
210110	210158	48
212974	213013	39
17825	17852	27
91660	91666	6
5818	5908	90
188141	188189	48
98704	98719	15
199448	199481	33
156877	156958	81
23506	23536	30
30202	30244	42
166592	166691	99
132106	132118	12
224095	224122	27
172019	172052	33
188636	188660	24
124609	124750	141
86902	86911	9
19414	19480	66
204074	204332	258
190501	190564	63
56047	56230	183
100411	100450	39
56006	56045	39
76691	76748	57
144372	144477	105
192841	192883	42
157876	157909	33
150730	150787	57
36479	36551	72
63934	63955	21
183305	183368	63
161559	161598	39
33121	33166	45
32807	32870	63
102197	102290	93
28262	28301	39
88467	88509	42
186991	187003	12
156494	156569	75
109994	110057	63
180840	180846	6
219419	219452	33
120987	121062	75
122249	122255	6
39100	39121	21
128726	128741	15
101402	101450	48
152297	152324	27
125837	125843	6
178984	179011	27
6430	6466	36
73284	73290	6
163178	163226	48
181972	181990	18
35868	35943	75
20704	20716	12
195763	195883	120
205346	205367	21
163361	163394	33
7615	7660	45
19011	19032	21
137759	137792	33
8283	8328	45
117471	117522	51
9627	9651	24
126931	126940	9
40889	40901	12
223783	224017	234
83381	83396	15
225204	225297	93
186380	186440	60
206883	206898	15
14158	14197	39
179526	179556	30
153781	153847	66
117933	117993	60
226877	227048	171
213506	213626	120
12294	12321	27
36371	36437	66
150316	150505	189
92169	92196	27
189960	190008	48
154254	154263	9
161438	161447	9
18781	18787	6
183930	184002	72
196792	196801	9
138567	138627	60
82666	82681	15
100916	101009	93
124996	125134	138
160442	160511	69
106582	106618	36
48682	48697	15
49642	49702	60
176717	176762	45
168352	168421	69
149424	149430	6
114194	114221	27
99241	99274	33
112817	112829	12
217998	218040	42
223554	223599	45
106340	106355	15
6092	6107	15
36637	36697	60
136161	136221	60
37086	37107	21
81881	81893	12
195888	195906	18
21253	21277	24
125952	125997	45
7238	7262	24
127428	127458	30
211405	211414	9
119455	119467	12
179556	179574	18
26849	26858	9
128450	128462	12
143078	143084	6
82149	82224	75
215467	215494	27
813	1047	234
57523	57649	126
211521	211629	108
3360	3366	6
36830	36854	24
149685	149712	27
68040	68052	12
102866	102953	87
88056	88080	24
149906	149972	66
34239	34245	6
58241	58256	15
82728	82755	27
86396	86405	9
9437	9458	21
39291	39357	66
168033	168048	15
140214	140238	24
222837	222921	84
25335	25374	39
171980	171998	18
178050	178068	18
56410	56425	15
143992	144022	30
177643	177736	93
42381	42402	21
50116	50140	24
104490	104529	39
164759	164831	72
114456	114465	9
27530	27563	33
158577	158589	12
120787	120799	12
220967	221075	108
54483	54531	48
166096	166156	60
156642	156648	6
211892	211970	78
53105	53168	63
193558	193594	36
198749	198797	48
16496	16505	9
14862	14955	93
115092	115203	111
166160	166196	36
89586	89598	12
227804	227819	15
19256	19397	141
133518	133560	42
122879	122897	18
75352	75475	123
78039	78069	30
218975	219020	45
162226	162310	84
222429	222459	30
222007	222034	27
166467	166476	9
192944	192962	18
122754	122811	57
153434	153515	81
137053	137074	21
182260	182272	12
17243	17324	81
32077	32107	30
43434	43482	48
77040	77148	108
200653	200689	36
90292	90328	36
223431	223491	60
192408	192417	9
70316	70349	33
188206	188239	33
48332	48404	72
132333	132366	33
134144	134219	75
199892	199964	72
175972	176047	75
158645	158660	15
148948	148972	24
143780	143813	33
117232	117442	210
128337	128403	66
150177	150213	36
169058	169118	60
112996	113032	36
221804	221864	60
164931	165042	111
213413	213440	27
184403	184457	54
151411	151450	39
7360	7474	114
168474	168558	84
92777	92795	18
196135	196141	6
196745	196778	33
106423	106459	36
17097	17148	51
77803	77857	54
90371	90377	6
50045	50093	48
156724	156778	54
223684	223696	12
58023	58038	15
6655	6766	111
200915	200942	27
34811	34853	42
204378	204417	39
206976	207012	36
190800	190857	57
137803	137836	33
195040	195049	9
172098	172173	75
126328	126400	72
74128	74170	42
221552	221573	21
175727	175799	72
12474	12483	9
192211	192229	18
210507	210522	15
40805	40847	42
34503	34521	18
208155	208191	36
45621	45774	153
117536	117545	9
60925	60937	12
63591	63774	183
72327	72333	6
170468	170534	66
15060	15117	57
184555	184642	87
52446	52515	69
73033	73066	33
64870	65041	171
225675	225807	132
174986	175004	18
57247	57262	15
215232	215280	48
10381	10414	33
163100	163133	33
185428	185458	30
210168	210189	21
79551	79635	84
191595	191682	87
27278	27392	114
104885	104924	39
2044	2053	9
70012	70018	6
114120	114150	30
221934	221943	9
74553	74598	45
128418	128427	9
2724	2784	60
27597	27678	81
20969	21002	33
202495	202504	9
113912	113918	6
52547	52586	39
155443	155461	18
88615	88759	144
183628	183637	9
142608	142683	75
78362	78437	75
117817	117823	6
227205	227226	21
121490	121634	144
206280	206361	81
28325	28412	87
14310	14358	48
10156	10294	138
164697	164715	18
51728	51752	24
93314	93401	87
198485	198491	6
8414	8462	48
73729	73759	30
102123	102132	9
58318	58354	36
127552	127681	129
100009	100078	69
175375	175432	57
165385	165433	48
117019	117031	12
58576	58618	42
4013	4022	9
68966	68981	15
140425	140467	42
89414	89426	12
102546	102597	51
64572	64617	45
86661	86703	42
229332	229338	6
11644	11677	33
199219	199228	9
73928	74084	156
207789	207828	39
165080	165221	141
35634	35643	9
16199	16205	6
209096	209111	15
169875	169899	24
109123	109153	30
56576	56591	15
128830	128836	6
47103	47241	138
96070	96142	72
97403	97421	18
88081	88096	15
176072	176258	186
131457	131475	18
32357	32363	6
101023	101119	96
226240	226270	30
73404	73479	75
76286	76313	27
116487	116517	30
7792	7828	36
140154	140160	6
203438	203600	162
100391	100409	18
132251	132299	48
174432	174438	6
163927	163963	36
189618	189624	6
89757	89832	75
42796	42844	48
180392	180437	45
194983	195016	33
198397	198430	33
229924	229936	12
165319	165358	39
113452	113479	27
168201	168237	36
146436	146460	24
21384	21414	30
170319	170355	36
167495	167510	15
159248	159272	24
178354	178429	75
90409	90427	18
152328	152499	171
97848	97857	9
192047	192086	39
125725	125827	102
230034	230094	60
174927	174945	18
73326	73380	54
213854	213878	24
228527	228542	15
85617	85668	51
1953	1992	39
92715	92724	9
124074	124080	6
179187	179214	27
87321	87450	129
68110	68188	78
179156	179180	24
92260	92362	102
200454	200472	18
206538	206802	264
10607	10655	48
136476	136482	6
104668	104713	45
111823	111841	18
83992	84007	15
219072	219090	18
179831	179879	48
107762	107783	21
112403	112421	18
63962	63968	6
181555	181615	60
13186	13279	93
142959	142983	24
211777	211786	9
116678	116729	51
209995	210034	39
34055	34067	12
100104	100179	75
111614	111626	12
200394	200406	12
171682	171853	171
120520	120556	36
148532	148556	24
210874	210934	60
3184	3217	33
166836	166872	36
39449	39707	258
137622	137691	69
205766	205772	6
163897	163921	24
21570	21582	12
72849	72900	51
228108	228135	27
47848	47899	51
110985	111012	27
169914	169938	24
130607	130637	30
36240	36279	39
90174	90219	45
223209	223215	6
131689	131695	6
3867	3888	21
53265	53391	126
117674	117731	57
7286	7325	39
61283	61316	33
121748	121799	51
112924	112984	60
115708	115732	24
81415	81436	21
60133	60166	33
75720	75891	171
376	502	126
48163	48202	39
166002	166053	51
47724	47763	39
127813	127828	15
185335	185374	39
173006	173048	42
48203	48281	78
114849	114978	129
52403	52424	21
201078	201111	33
154595	154670	75
60778	60892	114
230132	230165	33
109623	109719	96
219097	219115	18
157097	157169	72
78517	78547	30
78687	78696	9
209657	209690	33
72668	72755	87
185015	185039	24
119593	119626	33
230094	230121	27
181378	181405	27
2473	2494	21
1300	1354	54
113122	113131	9
98517	98535	18
95256	95415	159
51262	51268	6
71220	71226	6
106956	106995	39
15124	15148	24
78873	78885	12
101875	101914	39
174183	174207	24
93951	94014	63
101652	101736	84
5192	5267	75
45280	45508	228
45866	45881	15
140376	140421	45
31353	31386	33
3677	3707	30
199240	199246	6
82848	82869	21
182772	182835	63
117583	117616	33
144590	144647	57
187901	187910	9
193961	193994	33
177409	177583	174
169232	169292	60
27852	27945	93
217104	217131	27
196542	196686	144
48042	48069	27
197627	197690	63
225856	225892	36
213137	213236	99
118786	118807	21
84459	84483	24
202925	203057	132
181026	181086	60
126667	126691	24
213898	213928	30
115764	115800	36
14550	14586	36
126468	126486	18
70754	70781	27
17616	17622	6
85121	85172	51
156235	156271	36
138964	138997	33
30923	31028	105
8226	8235	9
57949	58000	51
174609	174645	36
33601	33727	126
185489	185645	156
84715	84889	174
151104	151131	27
143329	143407	78
52873	52987	114
201773	201905	132
155117	155126	9
188495	188540	45
157772	157811	39
7170	7200	30
192636	192828	192
110845	110905	60
111311	111320	9
61816	61840	24
71229	71247	18
105648	105660	12
191032	191110	78
164598	164649	51
33237	33282	45
122725	122731	6
105613	105634	21
163403	163430	27
219029	219050	21
97023	97137	114
21182	21188	6
186057	186210	153
24995	25061	66
140481	140514	33
12730	12802	72
137837	137879	42
18553	18574	21
149797	149806	9
216350	216377	27
21625	21742	117
161616	161655	39
130791	130842	51
148338	148416	78
19971	20004	33
131374	131383	9
4450	4465	15
142093	142156	63
69474	69519	45
110643	110715	72
49548	49620	72
108582	108597	15
8734	8767	33
91384	91471	87
209755	209797	42
194441	194462	21
54967	55018	51
152009	152057	48
209599	209620	21
11204	11249	45
167878	167944	66
88932	88941	9
80155	80182	27
148126	148144	18
125690	125711	21
139574	139583	9
37439	37715	276
177087	177165	78
15404	15410	6
37952	37985	33
105859	105895	36
58364	58391	27
25606	25618	12
40438	40525	87
207884	207986	102
220396	220471	75
61702	61729	27
62819	62891	72
44740	44764	24
209801	209837	36
47900	47984	84
87787	87937	150
39010	39016	6
135780	135858	78
166882	166888	6
183642	183651	9
121920	122046	126
122097	122244	147
224977	225013	36
218045	218102	57
17682	17700	18
26198	26237	39
98220	98322	102
184669	184684	15
12324	12459	135
80707	80716	9
196982	197075	93
210747	210762	15
90973	91039	66
105018	105126	108
201422	201437	15
157940	157961	21
37183	37228	45
179916	179979	63
91802	92147	345
47783	47810	27
205791	205869	78
96404	96467	63
112545	112554	9
26412	26433	21
79958	80072	114
29116	29185	69
217908	217944	36
146834	146873	39
209025	209037	12
74235	74325	90
189712	189751	39
59239	59368	129
139801	139927	126
80817	80823	6
9124	9238	114
20124	20406	282
145694	145853	159
61994	62015	21
159064	159232	168
17373	17442	69
28124	28160	36
196265	196280	15
207319	207439	120
102020	102029	9
119701	119731	30
184907	184931	24
161320	161365	45
92812	92818	6
99958	100009	51
11063	11135	72
65084	65114	30
222661	222751	90
52748	52811	63
140702	140843	141
142169	142301	132
7870	7912	42
51399	51465	66
12823	12832	9
227107	227182	75
54437	54455	18
167949	168021	72
187406	187568	162
167706	167730	24
88584	88596	12
133217	133226	9
218102	218114	12
174783	174852	69
163022	163034	12
160207	160222	15
213109	213115	6
163150	163156	6
210972	211080	108
81950	82031	81
65793	65904	111
206138	206177	39
5772	5778	6
192148	192166	18
66656	66689	33
184063	184150	87
108662	108704	42
119741	119837	96
6980	7010	30
22541	22634	93
46284	46368	84
123418	123505	87
161279	161291	12
188870	188876	6
12963	12972	9
201263	201317	54
64179	64215	36
220251	220293	42
114338	114362	24
78480	78510	30
29455	29461	6
86995	87016	21
191196	191262	66
71997	72015	18
84238	84316	78
221871	221901	30
10475	10502	27
184717	184726	9
173990	174092	102
163240	163357	117
229354	229381	27
98597	98621	24
23981	24014	33
169939	169951	12
170865	170883	18
155261	155333	72
113131	113140	9
156357	156381	24
110906	110966	60
34604	34637	33
39236	39281	45
51808	51895	87
161520	161553	33
193267	193339	72
102345	102351	6
204796	204961	165
87070	87136	66
127310	127418	108
203741	203759	18
215530	215545	15
62037	62121	84
30406	30439	33
224375	224426	51
73593	73662	69
61867	61987	120
129292	129334	42
131713	131806	93
213037	213046	9
19069	19078	9
71172	71196	24
132610	132655	45
105749	105842	93
140520	140538	18
198467	198476	9
155159	155195	36
3594	3639	45
3908	4010	102
215742	215769	27
102351	102390	39
128618	128726	108
18086	18143	57
228495	228504	9
147451	147466	15
214207	214240	33
10803	10860	57
140851	140896	45
151373	151379	6
84338	84428	90
12680	12728	48
1195	1267	72
5492	5561	69
25860	26028	168
44699	44711	12
171209	171296	87
78558	78681	123
223703	223721	18
220567	220606	39
229261	229273	12
20073	20115	42
176322	176358	36
223728	223758	30
187140	187146	6
129632	129695	63
38379	38412	33
72227	72263	36
112429	112540	111
112603	112747	144
73227	73284	57
50778	50877	99
118608	118635	27
229172	229256	84
8508	8571	63
30285	30324	39
9068	9116	48
22401	22473	72
123096	123153	57
136437	136473	36
217036	217045	9
178668	178839	171
121390	121396	6
181631	181688	57
66800	66854	54
57683	57713	30
139587	139683	96
101249	101297	48
56647	56659	12
168669	168738	69
98006	98057	51
158179	158206	27
99882	99894	12
29034	29052	18
103493	103511	18
222483	222504	21
200018	200132	114
93827	93887	60
97758	97770	12
103398	103419	21
154447	154498	51
47819	47840	21
4960	5017	57
144104	144119	15
19925	19937	12
53579	53594	15
199640	199772	132
220772	220793	21
93066	93162	96
112038	112080	42
173171	173234	63
2817	2853	36
9591	9600	9
29727	29760	33
21232	21253	21
53814	53865	51
216928	216997	69
49019	49169	150
185997	186039	42
56957	57008	51
215987	216038	51
24015	24063	48
197435	197456	21
141626	141644	18
138493	138562	69
141072	141177	105
56376	56391	15
73072	73081	9
50519	50549	30
188814	188826	12
123991	123997	6
156669	156705	36
158921	158969	48
129164	129188	24
250	262	12
7020	7071	51
65412	65439	27
98099	98147	48
23595	23655	60
183768	183924	156
125906	125927	21
170181	170190	9
24422	24434	12
95886	96039	153
74614	74641	27
180205	180214	9
179247	179322	75
78109	78151	42
208018	208051	33
131906	131993	87
44077	44197	120
122825	122852	27
219723	219798	75
179075	179135	60
29211	29223	12
142792	142915	123
148612	148621	9
181789	181858	69
189627	189639	12
149062	149269	207
218599	218734	135
109540	109546	6
196331	196409	78
83622	83655	33
34941	34953	12
216193	216253	60
226052	226064	12
210788	210836	48
10860	10905	45
114475	114499	24
112308	112356	48
6333	6378	45
209267	209321	54
86706	86808	102
55426	55480	54
120145	120187	42
138042	138069	27
181103	181238	135
103684	103753	69
13089	13095	6
82074	82107	33
169317	169326	9
84657	84666	9
26358	26370	12
180025	180046	21
172439	172451	12
97879	97966	87
65622	65670	48
109928	109934	6
65249	65276	27
171895	171934	39
13380	13410	30
6893	6926	33
201464	201515	51
203131	203203	72
210537	210588	51
89901	89958	57
176574	176613	39
214075	214201	126
115017	115035	18
148191	148248	57
63393	63420	27
87603	87621	18
80425	80431	6
185098	185152	54
45912	45918	6
124349	124361	12
212375	212393	18
62444	62531	87
212443	212482	39
172453	172504	51
206104	206119	15
16651	16678	27
36134	36179	45
200165	200192	27
41840	41846	6
113608	113692	84
158424	158436	12
216412	216502	90
39725	39791	66
215800	215860	60
74755	74761	6
194206	194383	177
207528	207537	9
194924	194972	48
124889	124922	33
75212	75227	15
183096	183240	144
141345	141453	108
160329	160359	30
168430	168436	6
5355	5448	93
97218	97263	45
195548	195743	195
194784	194865	81
160403	160433	30
172828	172942	114
173245	173359	114
94708	94741	33
175916	175928	12
225996	226026	30
35050	35065	15
108716	108725	9
155931	156009	78
59157	59169	12
183727	183763	36
80907	81036	129
194601	194700	99
41810	41840	30
89009	89084	75
167799	167814	15
173743	173926	183
197703	197793	90
80243	80351	108
227909	227930	21
32120	32138	18
227512	227572	60
181293	181299	6
203861	203882	21
83138	83162	24
194723	194747	24
120040	120076	36
19655	19742	87
130968	131049	81
15968	16082	114
4833	4956	123
175049	175163	114
141988	142063	75
207461	207467	6
34443	34467	24
219159	219216	57
136141	136147	6
49928	50000	72
122071	122077	6
170046	170070	24
215066	215225	159
157812	157833	21
162631	162652	21
199410	199428	18
89626	89638	12
54884	54893	9
110797	110809	12
134802	134913	111
148475	148484	9
116372	116465	93
35196	35247	51
143815	143932	117
126207	126216	9
203264	203336	72
61072	61186	114
37110	37134	24
23367	23385	18
60950	60971	21
158477	158561	84
213280	213340	60
94767	94866	99
37366	37420	54
26447	26453	6
155135	155141	6
68890	68914	24
59863	59977	114
187614	187737	123
197079	197124	45
40220	40229	9
216049	216055	6
1564	1594	30
170805	170829	24
41290	41320	30
173367	173397	30
29787	29799	12
115860	115932	72
99117	99222	105
18710	18725	15
25061	25076	15
148878	148890	12
13580	13712	132
206471	206483	12
18326	18347	21
81738	81795	57
102082	102109	27
157504	157579	75
82759	82813	54
207775	207787	12
154779	154875	96
181905	181914	9
81142	81151	9
155802	155898	96
63106	63127	21
134918	135131	213
42444	42486	42
76495	76555	60
157047	157053	6
16699	16762	63
89540	89585	45
131292	131298	6
16372	16384	12
28886	28964	78
141459	141498	39
218351	218402	51
26272	26290	18
192190	192208	18
63994	64150	156
147641	147707	66
26519	26570	51
99279	99309	30
104387	104459	72
190750	190756	6
188541	188550	9
212360	212372	12
37732	37909	177
114751	114796	45
133229	133274	45
124517	124568	51
163747	163804	57
217620	217632	12
189801	189810	9
110322	110343	21
158130	158151	21
65932	66070	138
177915	177969	54
23018	23201	183
68087	68093	6
67587	67713	126
128503	128584	81
158678	158702	24
226299	226404	105
50186	50195	9
19497	19644	147
163506	163515	9
86258	86288	30
184817	184880	63
165847	165853	6
82595	82658	63
47658	47667	9
85537	85549	12
93769	93820	51
125479	125539	60
104974	105013	39
193053	193149	96
43796	44045	249
109776	109800	24
104283	104289	6
156222	156231	9
96263	96338	75
133144	133195	51
22667	22730	63
75956	76019	63
106197	106299	102
72099	72114	15
48579	48657	78
217873	217897	24
106653	106665	12
73196	73226	30
53087	53093	6
174746	174761	15
67303	67351	48
70356	70362	6
108556	108562	6
83176	83257	81
60495	60558	63
74436	74487	51
171614	171632	18
56819	56831	12
165860	165866	6
197898	198003	105
195136	195151	15
83300	83372	72
198450	198456	6
78452	78458	6
118189	118207	18
62756	62789	33
126605	126653	48
12621	12645	24
162116	162209	93
28761	28770	9
144499	144565	66
98938	99019	81
33928	33946	18
165971	165980	9
109288	109297	9
130547	130556	9
147184	147298	114
109213	109219	6
160990	160999	9
47424	47445	21
19210	19216	6
198822	198861	39
163517	163532	15
53879	54113	234
58846	58867	21
86428	86461	33
103459	103474	15
193626	193731	105
195276	195456	180
81294	81411	117
55772	55805	33
63331	63337	6
155494	155584	90
224330	224354	24
31033	31051	18
204986	205151	165
79855	79879	24
130136	130262	126
120681	120693	12
29625	29661	36
24469	24517	48
71438	71465	27
57220	57226	6
41028	41133	105
5669	5726	57
111321	111345	24
214923	214938	15
28781	28796	15
153051	153078	27
115536	115626	90
144329	144344	15
37241	37280	39
109500	109536	36
147347	147428	81
69172	69268	96
32914	32947	33
20759	20777	18
40671	40677	6
134262	134268	6
13005	13029	24
137008	137026	18
129917	129953	36
74973	75072	99
18172	18325	153
143097	143172	75
75531	75648	117
224434	224458	24
131497	131593	96
4170	4284	114
3762	3771	9
15628	15661	33
102783	102792	9
63836	63911	75
180506	180674	168
6814	6871	57
165555	165603	48
160095	160197	102
222114	222138	24
205479	205491	12
47080	47092	12
141533	141563	30
85913	85937	24
82249	82375	126
95578	95821	243
115214	115301	87
169533	169587	54
34865	34883	18
13422	13473	51
198176	198239	63
210851	210857	6
138279	138351	72
31474	31516	42
209362	209428	66
7110	7128	18
89720	89735	15
200949	201060	111
47005	47014	9
67031	67127	96
229477	229498	21
158075	158114	39
26052	26088	36
197462	197486	24
64258	64270	12
38874	38883	9
20486	20612	126
4627	4636	9
139302	139413	111
154886	154976	90
161714	161723	9
228769	228784	15
144994	145078	84
138664	138820	156
167072	167135	63
80529	80547	18
182118	182172	54
201571	201655	84
52998	53073	75
193459	193555	96
225362	225407	45
28205	28244	39
116830	116938	108
177781	177850	69
58641	58824	183
110498	110627	129
23256	23361	105
71372	71411	39
218867	218906	39
82895	82982	87
225555	225600	45
62721	62733	12
56236	56326	90
183455	183566	111
105208	105241	33
188781	188793	12
161996	162059	63
166530	166563	33
28862	28874	12
104132	104198	66
139143	139167	24
228545	228569	24
221208	221229	21
48434	48518	84
30535	30580	45
224714	224732	18
221751	221799	48
60337	60487	150
6187	6196	9
196145	196163	18
70378	70390	12
35355	35469	114
123777	123846	69
118214	118241	27
26820	26847	27
182885	182939	54
92911	92995	84
31991	32015	24
26687	26708	21
46597	46606	9
119156	119186	30
92647	92671	24
116606	116648	42
164196	164463	267
52844	52850	6
84893	85001	108
181240	181264	24
151349	151367	18
38837	38870	33
32983	33010	27
107368	107380	12
178294	178348	54
121398	121425	27
20868	20913	45
204625	204652	27
83805	83871	66
140632	140692	60
159766	159775	9
70825	70891	66
185238	185244	6
159863	159875	12
7836	7857	21
178436	178466	30
165663	165777	114
46608	46647	39
51202	51214	12
24859	24991	132
208486	208501	15
218763	218772	9
6382	6394	12
173572	173605	33
124475	124511	36
161664	161694	30
159308	159347	39
202261	202468	207
123739	123766	27
225647	225668	21
70938	70974	36
82443	82458	15
141786	141954	168
38538	38634	96
30141	30180	39
196310	196319	9
26864	26876	12
1507	1558	51
129364	129430	66
170608	170629	21
64701	64791	90
197382	197394	12
65674	65791	117
4096	4159	63
151762	151795	33
78161	78224	63
148751	148757	6
205596	205647	51
107633	107651	18
168286	168310	24
195227	195254	27
39791	39800	9
60179	60299	120
11853	11988	135
180047	180056	9
223502	223553	51
207230	207251	21
29279	29384	105
16924	16981	57
131067	131106	39
148899	148935	36
47274	47295	21
226670	226769	99
173525	173540	15
155586	155676	90
83696	83747	51
23667	23685	18
211786	211831	45
87260	87278	18
163638	163653	15
227617	227653	36
13364	13373	9
77156	77330	174
7727	7784	57
176850	176979	129
35257	35263	6
227315	227339	24
212127	212187	60
34247	34262	15
113056	113116	60
109021	109105	84
122545	122617	72
9823	9916	93
167535	167592	57
199520	199529	9
97604	97634	30
212868	212901	33
128951	129077	126
93420	93522	102
92388	92472	84
40604	40649	45
90590	90599	9
204475	204532	57
51470	51548	78
160684	160741	57
224542	224566	24
208404	208479	75
153863	153926	63
133562	133568	6
151514	151532	18
174477	174507	30
32476	32509	33
54788	54800	12
137175	137202	27
43328	43340	12
153960	153981	21
8982	9000	18
184949	184985	36
40083	40104	21
108458	108539	81
219499	219700	201
224640	224697	57
16095	16143	48
76791	76908	117
208985	208994	9
150032	150083	51
81219	81225	6
72483	72549	66
28799	28826	27
177371	177392	21
52086	52146	60
2637	2670	33
57282	57429	147
138839	138860	21
151152	151182	30
11416	11443	27
175015	175027	12
37033	37045	12
154329	154335	6
146512	146785	273
32326	32347	21
18824	18992	168
105172	105181	9
10738	10780	42
54571	54610	39
6946	6976	30
85222	85279	57
172751	172799	48
61398	61428	30
123057	123093	36
9342	9381	39
102754	102781	27
147503	147518	15
145612	145654	42
187875	187884	9
118555	118573	18
120318	120369	51
211287	211404	117
228023	228038	15
13879	13933	54
81048	81105	57
31195	31234	39
15687	15894	207
208541	208565	24
24411	24420	9
25189	25210	21
130011	130020	9
51366	51396	30
136221	136257	36
146355	146409	54
13999	14032	33
149715	149727	12
153024	153030	6
169424	169502	78
127974	128028	54
54320	54347	27
141222	141297	75
106998	107013	15
139419	139437	18
64798	64861	63
49234	49243	9
107024	107117	93
70545	70587	42
25250	25310	60
15315	15336	21
141186	141201	15
73695	73719	24
10082	10100	18
161879	161936	57
173122	173131	9
173649	173709	60
110352	110379	27
14733	14790	57
72124	72136	12
211833	211842	9
173399	173462	63
45939	46008	69
176836	176845	9
225903	225948	45
87517	87580	63
162380	162413	33
208111	208141	30
132764	132770	6
218800	218806	6
173718	173733	15
177237	177360	123
66303	66438	135
175576	175585	9
212629	212641	12
126488	126584	96
222223	222241	18
90660	90687	27
72813	72840	27
176830	176836	6
11609	11621	12
124003	124024	21
31849	31915	66
211176	211227	51
155213	155225	12
203253	203262	9
96516	96561	45
40109	40115	6
134006	134108	102
153694	153712	18
221388	221448	60
189013	189049	36
160599	160614	15
117106	117193	87
144777	144804	27
101499	101568	69
59672	59705	33
228369	228426	57
171316	171346	30
228295	228343	48
78712	78865	153
187985	187997	12
117740	117797	57
170971	171124	153
99319	99343	24
91119	91281	162
214652	214754	102
159645	159660	15
103109	103199	90
131647	131680	33
214969	215050	81
67139	67148	9
153544	153595	51
62989	63091	102
204758	204794	36
14219	14288	69
99589	99637	48
106136	106190	54
207210	207219	9
100766	100910	144
223175	223202	27
229048	229090	42
9652	9715	63
103595	103634	39
101822	101873	51
182207	182252	45
150543	150561	18
179355	179364	9
50956	51016	60
1403	1430	27
186302	186353	51
91286	91310	24
12833	12848	15
149869	149881	12
47458	47485	27
50248	50254	6
105959	106049	90
129272	129281	9
200718	200763	45
4802	4832	30
42306	42372	66
208374	208398	24
68238	68340	102
35319	35334	15
169961	169982	21
136777	136984	207
198500	198548	48
138073	138118	45
87967	88033	66
190199	190208	9
16389	16425	36
185188	185215	27
44668	44683	15
132557	132587	30
79395	79443	48
70455	70467	12
109223	109238	15
181480	181513	33
101130	101187	57
81674	81728	54
24382	24394	12
66757	66784	27
197171	197228	57
76349	76439	90
89274	89292	18
161038	161155	117
108882	108924	42
176261	176282	21
121712	121730	18
131311	131371	60
164919	164928	9
121264	121279	15
217442	217595	153
220353	220365	12
38181	38337	156
138899	138908	9
26340	26346	6
22811	22850	39
19032	19053	21
46046	46058	12
87680	87749	69
55057	55084	27
220050	220227	177
203996	204029	33
227976	228000	24
19106	19163	57
38065	38089	24
23792	23798	6
219798	219939	141
51594	51663	69
136748	136775	27
221332	221377	45
34985	35036	51
44855	44924	69
77434	77446	12
28967	29033	66
38927	38987	60
51975	52014	39
80581	80611	30
639	732	93
85019	85079	60
33166	33193	27
32755	32785	30
220859	220883	24
41912	42278	366
217152	217236	84
122978	122984	6
77611	77650	39
57073	57085	12
107536	107554	18
197487	197565	78
190759	190768	9
55934	56006	72
46650	46914	264
10989	10998	9
10523	10562	39
217061	217079	18
167403	167421	18
45015	45219	204
143043	143055	12
24701	24737	36
19898	19904	6
111454	111535	81
8693	8732	39
113178	113217	39
56517	56562	45
59110	59125	15
23899	23974	75
83408	83546	138
128077	128179	102
50363	50417	54
70523	70544	21
222274	222352	78
71803	71908	105
228611	228650	39
167824	167839	15
224180	224228	48
186681	186726	45
126185	126200	15
207545	207557	12
182383	182557	174
77022	77031	9
62919	62937	18
228731	228746	15
179386	179425	39
99053	99080	27
67402	67471	69
105731	105740	9
86512	86521	9
72273	72282	9
140923	140971	48
162791	162827	36
210444	210504	60
132014	132071	57
67777	67783	6
132702	132732	30
160756	160855	99
26320	26329	9
11350	11389	39
144493	144499	6
172200	172218	18
169777	169852	75
229610	229646	36
188723	188747	24
189451	189478	27
129827	129881	54
174350	174431	81
29932	29947	15
208354	208366	12
62218	62308	90
190363	190486	123
159352	159415	63
10937	10961	24
114823	114844	21
69595	69631	36
17360	17372	12
32524	32635	111
199050	199083	33
124384	124414	30
152613	152619	6
164846	164861	15
51179	51191	12
198622	198691	69
22271	22325	54

