120523	120568
48696	48717
71	113
134302	134338
176365	176383
158571	158619
226424	226436
142383	142392
144239	144299
89261	89282
46418	46439
43558	43588
1785	1800
206639	206675
66454	66508
133691	133709
59519	59633
38232	38247
158902	159049
88850	88889
25905	25911
99004	99049
121414	121471
61264	61300
27084	27108
148982	149015
177561	177585
206415	206421
199154	199187
60556	60562
48405	48423
137502	137562
203717	203750
122340	122346
51951	51972
175234	175291
114854	114941
2086	2113
175299	175482
129564	129615
145575	145584
143579	143594
74873	74918
55112	55124
103782	103815
178453	178462
155767	155773
205981	206041
99264	99312
92496	92538
109867	109876
119993	120035
80349	80409
2414	2540
172551	172608
16921	16930
140180	140192
205412	205451
44394	44445
210230	210242
172111	172141
127586	127595
191930	192140
2114	2162
225003	225105
147625	147715
26279	26387
229881	230091
130954	130996
95943	95964
99499	99529
45702	45738
108453	108477
126844	126928
120619	120655
19799	19862
102194	102251
144586	144616
63546	63636
221147	221156
42300	42315
152722	152755
72500	72539
132993	133005
113012	113138
104845	104866
19165	19216
120135	120171
66886	66907
200017	200221
198803	198821
27361	27430
76694	76787
84852	84861
90236	90254
44532	44562
158636	158699
178999	179128
184110	184131
62241	62283
193980	194013
157182	157242
141446	141455
135728	135809
196036	196132
112936	112951
189193	189211
86913	86931
55718	55757
119811	119883
82301	82376
193722	193746
154038	154125
46588	46645
9670	9682
213582	213600
156574	156670
125328	125337
65991	66090
3343	3370
135030	135051
103852	103879
18066	18189
145889	145907
101536	101581
194198	194279
111045	111087
215354	215360
77051	77123
79660	79726
107782	107854
100177	100258
14118	14163
120988	121015
96709	96763
32950	33169
140856	140865
171483	171648
212917	212962
76323	76332
39340	39361
142079	142127
110428	110440
175877	175904
158177	158192
89430	89523
67799	67841
164289	164412
207821	207869
152404	152431
143227	143248
179484	179547
46799	46817
16203	16260
118932	118965
163869	163896
57762	57792
2258	2273
205538	205547
181423	181447
178593	178611
102883	102895
128537	128567
12265	12271
158204	158264
126314	126380
47997	48063
187376	187400
39864	39903
217569	217593
53636	53648
165829	165967
71624	71639
17018	17030
213687	213768
106141	106156
132239	132260
82203	82293
189345	189372
1614	1626
41818	41857
32290	32296
205872	205944
39110	39122
194541	194673
53715	53856
3638	3731
215077	215149
203692	203698
143206	143215
226524	226557
168880	168910
138778	139066
66422	66428
48760	48934
32470	32491
37492	37498
171874	171880
148382	148412
31602	31746
229352	229373
211179	211215
172678	172726
224123	224144
199339	199366
1656	1665
112254	112284
109385	109394
101471	101525
7310	7436
126484	126583
117305	117440
111525	111555
196275	196332
63265	63271
37363	37414
221570	221585
53422	53488
73265	73328
208360	208387
120377	120422
41463	41559
200875	200884
90225	90234
35218	35230
30183	30231
187738	187750
45384	45390
147199	147247
141388	141424
146813	146828
206295	206328
129178	129193
81709	81715
45581	45620
194960	195011
179306	179366
227866	227887
159570	159612
217083	217161
115233	115239
34438	34525
187680	187731
117130	117154
70527	70560
185762	185804
174307	174319
57255	57408
167955	168021
132830	132851
23712	23769
43782	43854
10178	10214
89532	89628
64274	64289
61469	61541
788	812
211675	211717
219404	219419
201005	201059
125091	125148
53162	53207
135538	135571
86872	86893
125066	125081
79645	79651
172352	172436
163516	163534
137378	137402
42651	42756
148847	148901
89766	89820
45068	45092
33427	33451
95309	95342
95388	95409
199386	199413
200755	200761
223091	223097
7857	7887
20604	20619
138128	138341
117834	117888
153596	153641
59733	59976
174672	174684
142662	142704
200281	200299
148636	148642
210931	210997
176387	176399
95427	95463
193087	193150
125865	125904
181036	181045
155899	155971
134623	134662
190391	190397
173764	173782
159240	159270
102934	102943
68683	68755
112668	112704
95775	95787
57896	57956
55248	55257
75995	76040
38498	38561
121830	121893
18329	18365
142439	142463
82777	82795
213112	213169
179248	179260
129897	129951
93334	93457
221034	221046
35065	35122
125213	125231
224348	224387
170279	170294
188384	188474
26850	26877
201351	201357
89849	89909
86408	86414
97929	97956
60293	60302
21020	21053
51555	51582
51991	52003
114243	114333
66523	66631
140587	140596
110056	110101
143657	143741
127535	127553
153436	153448
117575	117644
198626	198662
91873	91915
86628	86658
158533	158554
60928	60934
79827	79860
179977	180118
139909	139963
85305	85314
204931	205060
123587	123599
36095	36128
121158	121188
93798	93828
174059	174065
186246	186252
179149	179164
169193	169280
161311	161347
30433	30490
93710	93785
67737	67758
47941	47983
97017	97098
16755	16794
156143	156155
149813	149879
208303	208339
43888	43903
84971	85010
36685	36805
52228	52285
139183	139270
86735	86756
162906	162915
195602	195650
94850	94862
210640	210673
22817	22943
214246	214252
52410	52440
92064	92148
152664	152694
153205	153238
217508	217556
150409	150424
177114	177147
100821	100878
177231	177267
81979	82120
62288	62330
132288	132309
184735	184783
55635	55662
24558	24573
180180	180237
14303	14309
16049	16067
193333	193375
189162	189177
49487	49514
55820	55835
174281	174296
10370	10385
172161	172173
132189	132216
84203	84266
137057	137087
149081	149132
77946	77997
106462	106477
229816	229831
96827	96857
119437	119452
27823	27868
72584	72641
89635	89701
118860	118875
124097	124256
209327	209348
112920	112935
70918	70948
65701	65710
92820	92847
138495	138537
25943	25970
190432	190441
163831	163852
192735	192855
207394	207415
213331	213340
78227	78251
153262	153274
209149	209188
139988	139994
82627	82645
141961	142033
132573	132582
215236	215245
18242	18272
16708	16750
229546	229705
194067	194169
154947	154956
157340	157427
97225	97270
21396	21411
131765	131864
104210	104339
30650	30689
174987	175041
158391	158463
17893	17941
5240	5282
123295	123370
89309	89330
4490	4523
29474	29504
125930	125957
93054	93093
80086	80194
163229	163283
98554	98614
152532	152601
25750	25786
69076	69109
39519	39549
178046	178079
108564	108576
208251	208272
193519	193534
154905	154914
167639	167771
201523	201562
191663	191681
37502	37508
86931	87018
12203	12248
136432	136492
5799	5835
129251	129269
54530	54584
112506	112563
210704	210779
141813	141837
60312	60369
45523	45529
155800	155815
210414	210465
118574	118664
35236	35332
157570	157582
69299	69338
11527	11617
160849	160912
165324	165357
21827	21908
112961	112979
131649	131751
49531	49618
13090	13111
103240	103279
71098	71116
68496	68541
162492	162543
85524	85653
12862	12871
66180	66270
130369	130549
50063	50105
110130	110190
125575	125599
31131	31167
74299	74359
174331	174361
17247	17289
8976	8997
174698	174791
35836	35890
185256	185286
165533	165665
68797	68821
50293	50332
46276	46342
116100	116151
89185	89194
67372	67393
180911	180992
180563	180689
123803	123908
81845	81959
140645	140822
6684	6786
222577	223048
94682	94718
88070	88136
21627	21741
194865	194907
53983	53992
81434	81545
112184	112223
22759	22810
5852	5948
203562	203577
78085	78172
176428	176710
155366	155408
88312	88342
191733	191862
170390	170423
123034	123064
185502	185514
169441	169471
152895	152904
101027	101141
184478	184508
84566	84698
157771	157780
203933	203984
119197	119203
6854	6908
49403	49457
94570	94612
224735	224759
165457	165472
138770	138776
59293	59305
229388	229400
170904	170970
188694	188925
42174	42195
34663	34669
73800	73848
7513	7546
106059	106122
128501	128507
163592	163631
188636	188654
162007	162013
207090	207114
24787	24844
228104	228119
129699	129723
178931	178982
21427	21457
120096	120132
17725	17752
39188	39233
173158	173179
118517	118523
187308	187347
121106	121139
11803	11815
148185	148269
197791	197854
128878	128905
37826	37958
54606	54684
47161	47167
218700	218748
228255	228300
201595	201709
111930	112077
26596	26620
27175	27229
229413	229464
79587	79617
147892	147961
168147	168303
165363	165369
58182	58209
46985	47138
94223	94262
135619	135631
67118	67130
62598	62619
208866	208872
65756	65945
87831	87852
116514	116520
218791	218797
90899	90923
17213	17234
150035	150113
153512	153554
17841	17850
73419	73437
32068	32086
142320	142371
102620	102653
133750	133819
153871	153889
12759	12792
75018	75081
685	697
214814	214835
158722	158782
114125	114170
190667	190697
135345	135369
68408	68438
197537	197603
185011	185062
150316	150382
166342	166354
72289	72322
204477	204540
144502	144517
116837	116885
128161	128167
30094	30124
4015	4054
171299	171368
128702	128777
192651	192681
15107	15182
134990	135020
143800	143812
168398	168467
185186	185249
132497	132527
147424	147460
15672	15714
173921	174014
70803	70890
179805	179868
159549	159567
9404	9488
88607	88619
151624	151693
192997	193066
128853	128877
140326	140335
130862	130916
196774	196780
76561	76576
64540	64621
195782	195950
119455	119506
94297	94318
171883	171901
137438	137492
208438	208483
29296	29305
170174	170240
125533	125539
129121	129157
130748	130790
106941	107064
218281	218422
159322	159367
206912	207077
10000	10024
34273	34279
79250	79259
119404	119428
50393	50510
56308	56584
137618	137687
7178	7235
97743	97779
81750	81825
30692	30713
53956	53962
117760	117820
177274	177280
125153	125159
329	368
98333	98348
208078	208087
101629	101665
52706	52724
225599	225608
196964	197006
210483	210525
204680	204701
125637	125694
86284	86290
26913	27024
177168	177207
178155	178173
88142	88175
25306	25381
137169	137241
145236	145257
85238	85298
187405	187513
63694	63733
103761	103782
9848	9980
75861	75960
32793	32823
67288	67351
169756	169831
117999	118005
29972	30008
107731	107761
185414	185432
153425	153434
149960	149975
146147	146180
184508	184709
131408	131444
103291	103297
155599	155644
201876	201912
148075	148108
94117	94144
160556	160610
34970	34985
132861	132918
123914	124013
12491	12509
53216	53228
120471	120477
102689	102749
139394	139466
219738	219774
196501	196528
120360	120372
173472	173535
159974	159980
19387	19417
140868	140883
195973	196000
94154	94214
127879	127885
11194	11272
99709	99760
28059	28071
222211	222217
182807	182867
15015	15084
3075	3291
112415	112487
159275	159281
21526	21577
76830	76839
116480	116510
165242	165281
190893	191091
46372	46399
74000	74009
154468	154495
109535	109571
133119	133173
105337	105406
27475	27517
160114	160135
191162	191180
32739	32781
85675	85750
203635	203650
187063	187201
45905	45932
229088	229343
174247	174265
205840	205849
139158	139170
1716	1776
19975	20014
213445	213517
6202	6247
170976	171015
82701	82770
28969	29116
176253	176328
28075	28129
142775	142793
225801	225828
134904	134913
16438	16453
163655	163670
214502	214598
126386	126443
20829	20859
226159	226171
83410	83665
209681	209747
87528	87543
96122	96128
154989	155007
215921	215948
154224	154257
20385	20421
106722	106794
27255	27261
198169	198292
228651	228753
72071	72083
88688	88709
87881	87923
44873	44888
124964	124985
87670	87682
126194	126305
36563	36674
155409	155496
227205	227445
108373	108418
93895	93961
194026	194065
127830	127863
138399	138417
141106	141136
7986	8055
160960	160972
160421	160451
48122	48233
143257	143374
73612	73630
227127	227205
165389	165434
228980	229070
2367	2373
60254	60269
72697	72727
34528	34558
28642	28666
62870	62993
46089	46101
221354	221393
25246	25261
196572	196593
153152	153167
118412	118442
62635	62671
119003	119009
183397	183421
159874	159946
110500	110542
36219	36258
216056	216089
219235	219250
9493	9499
170563	170641
33624	33645
121623	121671
149452	149479
84521	84536
184898	184904
45429	45489
182550	182571
54073	54238
161235	161256
74492	74498
100933	101014
7686	7740
146384	146420
212969	212975
98041	98062
4744	4783
205091	205163
51422	51506
208120	208162
133352	133379
101880	101946
38154	38211
118367	118394
164477	164531
223568	223574
172990	173032
99851	99992
206752	206764
193808	193844
152269	152290
85446	85458
161974	162007
117489	117561
2005	2032
162782	162827
69877	69892
103011	103035
60508	60523
86533	86563
175067	175148
143862	143874
142716	142725
42765	42774
647	677
223211	223241
42479	42596
226013	226052
87731	87749
151427	151457
31878	31902
21762	21801
193182	193275
136380	136407
21066	21096
10266	10299
107887	107941
38055	38130
104555	104579
193395	193419
214759	214783
201420	201429
132611	132638
81591	81708
100579	100648
140884	140902
146293	146323
81198	81231
96178	96205
152803	152824
62070	62163
128355	128400
111253	111286
208886	208895
131969	131990
121472	121523
217991	218042
186630	186738
186285	186522
201795	201801
184053	184101
56694	56724
133591	133597
108083	108161
185848	185914
34377	34398
150137	150176
71240	71291
48464	48533
212045	212060
190752	190770
174475	174505
162858	162903
24302	24503
47528	47549
157533	157551
189876	189888
121743	121797
42384	42450
111473	111479
195296	195341
135085	135148
101159	101165
138082	138097
220852	221029
187202	187280
186539	186569
22068	22200
90174	90186
162996	163116
23014	23125
170053	170152
165128	165242
67779	67794
13140	13146
179932	179941
171650	171785
64646	64676
193074	193086
114954	115035
199056	199131
184998	185010
167138	167174
102990	103011
183040	183085
193681	193693
26685	26700
192713	192728
196132	196171
60379	60502
158053	158071
12278	12335
197325	197346
163388	163394
8383	8410
103915	103921
93536	93587
69447	69483
87568	87661
78545	78566
111593	111611
151785	152202
196677	196716
97413	97449
119593	119653
13917	13929
80662	80788
10875	10962
146182	146200
162265	162346
27066	27078
155999	156110
135843	135885
206551	206593
11401	11416
82797	82803
157257	157284
52847	52910
5192	5213
203898	203904
199821	199839
1412	1457
85342	85360
143513	143570
49137	49179
38737	38743
96001	96061
167350	167395
74549	74639
8833	8944
38599	38725
9502	9589
20465	20600
35417	35450
156195	156285
32680	32707
31906	31942
200474	200594
173550	173709
149024	149033
85091	85139
53536	53590
221258	221279
206142	206157
124039	124078
228426	228489
21378	21390
130598	130628
41387	41396
185587	185653
87757	87775
210041	210047
148416	148503
114618	114645
33785	33830
74458	74491
119097	119166
120715	120733
131553	131559
156350	156365
161674	161956
108182	108188
201278	201350
173836	173848
80864	80891
3948	3954
29431	29440
89957	90023
201996	202026
41273	41372
196927	196936
119655	119724
38434	38482
22264	22342
216118	216133
209919	209988
127179	127194
135191	135263
79936	80014
96318	96333
25619	25667
55998	56145
177092	177101
217602	217713
94915	94927
13010	13079
4694	4742
171795	171816
146962	146968
2620	2626
173078	173153
52034	52070
93026	93053
168948	168996
124705	124753
147719	147776
46173	46221
171837	171846
47230	47245
35173	35191
116334	116424
86183	86228
141701	141710
24903	24924
136713	136728
23819	23858
210827	210857
223299	223305
14869	14923
76358	76436
77260	77302
149174	149243
193615	193642
82550	82580
173304	173319
71582	71618
169074	169140
194441	194483
177940	177952
174222	174237
67145	67178
46102	46108
2720	2759
185536	185542
52942	52948
29271	29292
214090	214156
31988	32033
85750	85795
223868	223919
22392	22521
214355	214361
163911	164028
7239	7245
40902	40998
71546	71570
215497	215527
175564	175597
216216	216300
159751	159838
4418	4427
144808	144853
39700	39721
157457	157523
34905	34959
50256	50292
23410	23437
58417	58525
122959	122998
108009	108042
57838	57850
144316	144325
229711	229795
45819	45855
220344	220350
13167	13257
75106	75157
221461	221491
76928	76934
105612	105633
5032	5056
120701	120713
63967	63991
88520	88532
201127	201178
73526	73610
141144	141213
212270	212441
71330	71528
135903	135939
25443	25455
44037	44055
182078	182111
200598	200607
149357	149408
43507	43528
58713	58827
171173	171239
14671	14713
33191	33197
3391	3397
162031	162097
52731	52740
98676	98724
153953	153998
60640	60733
8171	8273
92930	92981
213311	213329
90795	90882
48982	48997
171080	171095
23348	23369
147112	147121
192356	192362
224453	224576
34738	34882
200830	200875
94053	94101
181088	181106
50864	50912
48560	48566
99474	99498
92994	93021
211849	211921
4196	4361
155661	155700
129086	129095
218102	218174
125492	125519
170429	170513
221587	221641
118471	118513
62340	62364
24963	25017
186865	186964
135169	135187
22615	22654
84865	84883
98810	98843
28750	28759
137700	137739
226062	226125
223636	223855
62454	62499
13358	13367
79194	79236
102016	102028
189579	189654
86037	86067
161370	161379
175493	175511
13992	14094
51117	51141
137931	137988
110283	110316
222348	222375
105485	105491
107656	107713
95717	95753
178255	178270
83976	83997
155250	155292
220064	220073
217304	217460
181564	181588
15232	15478
6601	6676
95238	95298
34200	34263
168513	168519
112315	112336
124885	124903
226678	226729
26178	26232
7441	7480
42198	42210
50117	50153
29504	29552
67557	67707
122720	122807
43948	43969
189544	189550
47622	47643
56167	56176
192446	192476
20091	20181
107068	107086
121281	121377
215738	215759
81139	81154
143744	143771
181496	181532
158306	158366
152313	152319
184956	184968
87979	87991
180259	180322
70441	70453
28503	28602
132767	132818
76302	76323
183174	183315
70489	70507
205452	205491
95521	95539
152772	152784
173392	173410
108219	108291
59070	59184
28784	28961
109639	109651
130213	130255
142543	142612
74143	74155
122086	122092
228495	228552
183335	183350
166647	166695
211088	211115
129200	129215
54272	54362
198856	198919
40483	40495
209502	209595
125259	125328
113489	113531
155528	155558
73023	73029
131446	131488
133014	133023
203664	203673
218871	218886
19320	19377
66954	66975
114738	114765
128660	128675
42639	42645
49207	49324
62367	62388
71972	72041
182015	182036
207447	207477
94521	94551
207530	207593
20714	20774
110197	110224
201380	201392
161225	161231
27265	27271
69409	69433
104041	104107
225373	225535
179602	179704
32407	32437
3013	3025
105130	105262
93131	93140
93679	93685
38410	38434
219077	219110
208933	209032
131111	131231
63030	63102
75229	75265
108526	108550
96240	96279
46120	46132
105871	106045
203789	203888
53993	53999
197238	197274
181608	181803
185065	185113
181233	181398
79459	79519
228349	228367
127901	127997
174586	174634
143876	143996
147406	147421
85867	85876
148273	148318
86756	86771
218762	218768
167	176
87232	87346
196181	196226
212608	212617
153303	153327
203361	203385
142909	142951
88534	88591
211926	211944
6373	6523
14723	14786
80982	81039
153900	153927
11745	11775
97298	97343
138689	138704
165723	165756
134351	134465
111123	111246
162161	162170
41565	41592
86499	86511
105539	105596
71660	71717
226882	226951
227593	227638
21326	21347
103066	103078
71310	71316
190358	190382
13454	13475
124993	125056
165029	165104
136781	136826
164779	164812
189015	189054
141860	141890
157310	157331
170367	170373
214387	214492
122179	122239
133391	133529
196733	196751
43602	43629
223121	223160
212187	212247
170681	170729
220719	220770
70574	70628
208825	208843
59230	59266
96444	96567
100110	100140
50010	50052
72159	72171
57453	57492
96656	96707
116962	116977
182619	182658
184011	184017
226447	226513
113231	113237
45778	45814
134758	134830
223167	223176
205060	205081
206231	206291
68654	68672
192862	192916
50625	50745
43084	43288
142410	142434
149153	149171
19432	19471
73172	73196
74663	74738
107322	107355
195402	195438
219799	219937
59671	59695
166228	166315
98430	98532
101766	101868
33678	33702
190197	190236
113549	113582
41072	41114
181862	181988
177385	177430
172237	172303
76958	76997
159440	159494
197677	197776
15777	16023
228403	228412
175656	175773
221897	221972
120233	120260
91297	91309
42795	42915
47211	47229
124324	124504
164112	164154
183551	183560
177858	177900
141269	141317
13836	13884
185567	185573
108811	108898
217775	217856
108917	108971
145036	145042
46447	46513
51604	51769
100345	100363
5376	5427
50755	50800
19000	19045
8087	8150
58353	58359
211988	212015
223477	223564
162020	162029
38886	38922
111858	111903
67897	68008
121027	121096
216010	216031
61835	61886
213849	213900
160370	160406
28428	28452
22691	22748
202048	202222
6015	6087
204348	204393
149714	149762
144695	144752
147306	147351
106586	106709
3815	3866
109051	109135
117184	117232
73723	73747
199926	200013
179385	179394
159085	159175
153802	153841
188474	188600
220393	220474
97551	97596
171971	171977
51250	51340
17973	18051
106844	106907
30831	30858
90463	90544
104732	104792
95610	95694
116163	116232
197394	197466
167011	167116
82939	83098
44593	44665
49382	49391
43311	43401
89034	89112
10825	10846
228637	228649
157608	157743
91443	91473
226253	226283
69721	69739
19522	19798
184797	184839
54015	54039
197197	197227
157005	157017
125758	125782
157988	158006
163454	163484
63300	63387
24747	24756
5285	5312
56631	56667
114517	114607
39013	39097
16070	16103
169550	169649
199508	199541
13657	13750
72253	72274
190821	190842
97486	97492
129776	129857
103316	103325
30965	31037
196362	196407
164551	164593
138430	138481
8663	8693
88478	88493
26447	26585
80024	80036
201939	201957
44	68
55878	55932
195174	195195
111293	111332
122389	122467
53314	53329
70109	70193
206060	206117
156731	156995
179753	179759
145722	145734
60978	61002
200914	200974
30541	30565
145766	145790
210292	210391
55529	55562
202276	202303
49079	49121
131344	131392
216426	216717
139694	139754
187890	187932
11988	12072
97279	97285
220015	220027
61960	62008
228833	228845
202423	202588
141645	141693
208659	208665
105014	105104
151335	151383
41897	42005
60191	60245
78186	78216
183904	183922
64689	64749
103138	103204
18477	18585
32303	32399
96605	96647
172795	172882
69144	69150
65387	65408
73754	73778
206521	206545
91975	92032
702	762
136155	136254
157852	157909
120819	120873
137992	138013
49772	49850
110716	110761
217879	217927
202615	202801
194731	194746
55211	55232
178427	178448
145684	145696
170779	170812
101262	101286
44564	44573
130118	130145
211127	211139
171439	171472
135575	135596
201735	201795
55171	55192
167314	167332
207290	207311
90674	90725
133300	133333
143996	144008
150941	151070
151761	151785
92206	92338
194503	194533
204024	204126
1889	1910
103415	103610
24729	24744
104433	104481
30897	30933
207141	207147
83225	83237
168073	168094
79527	79551
85189	85216
30514	30532
111641	111668
168479	168506
154690	154783
192490	192541
9613	9643
97730	97736
115542	115659
223919	223934
126593	126755
58859	58919
35013	35058
161196	161220
204405	204414
139615	139663
57008	57038
112626	112656
9723	9750
76189	76201
42049	42100
85470	85518
198319	198400
64911	65022
226284	226407
155046	155145
169543	169549
81398	81407
160073	160079
117660	117681
74048	74102
194766	194796
29132	29249
118776	118845
27694	27799
123730	123748
202818	202902
78423	78477
146841	146940
48934	48973
105817	105841
5543	5588
160458	160479
196879	196912
52331	52367
100279	100321
197875	197887
8761	8782
43658	43763
137908	137914
200613	200709
40425	40440
45152	45158
94391	94463
222013	222106
58525	58567
205561	205591
102297	102369
25390	25429
54826	54847
182294	182387
182904	183006
141541	141634
19219	19261
22361	22379
71139	71223
157974	157983
203404	203479
15612	15654
114428	114470
146998	147061
33999	34017
113811	113817
63201	63261
98011	98026
68769	68793
221167	221236
129095	129113
225127	225175
66110	66128
25511	25580
163311	163347
106287	106398
211221	211254
18387	18468
156511	156556
166520	166541
17818	17839
213277	213307
225862	225967
36805	36832
38986	38998
210128	210203
100085	100106
31509	31578
31385	31427
151501	151573
172320	172326
144089	144116
16143	16173
184155	184161
140294	140321
173256	173265
91473	91599
214676	214697
16108	16135
147510	147549
187935	188268
86485	86494
96367	96388
8583	8634
65409	65580
113308	113431
140247	140253
197915	198011
191579	191657
14267	14297
98744	98783
77019	77043
119930	119966
3881	3947
36543	36552
125341	125470
174562	174577
91638	91689
195477	195552
45934	45961
151131	151158
88996	89023
167215	167251
111586	111592
190538	190574
142303	142318
120767	120773
145855	145882
213210	213258
123480	123582
107592	107634
219561	219705
154849	154861
145112	145187
77472	77490
18651	18711
10338	10356
77675	77699
84731	84752
96403	96409
78606	78651
1628	1652
88245	88308
56999	57005
221751	221850
225679	225760
16303	16351
177357	177369
6958	7009
23210	23324
54849	54867
118911	118929
80472	80553
91052	91082
16364	16415
4646	4652
92647	92746
52115	52160
115305	115404
70953	71001
111363	111447
70219	70390
108585	108774
12369	12435
138103	138127
99529	99598
2187	2223
196786	196849
158503	158533
195025	195040
10620	10644
64414	64456
33397	33406
17327	17525
33878	33959
19932	19968
67179	67194
61690	61804
12566	12653
185699	185753
102438	102486
95889	95916
109344	109380
153645	153681
96924	96954
154178	154211
11115	11124
88952	88970
6163	6190
441	465
147063	147105
48248	48359
15523	15568
36430	36514
16490	16691
216322	216340
25065	25134
81323	81350
150478	150499
183968	183986
195227	195245
215174	215198
35961	36021
1500	1539
128013	128067
133174	133231
138032	138044
184197	184254
199610	199739
23890	24226
101328	101466
224797	224812
57564	57582
54979	55072
67415	67448
222416	222560
152834	152864
166982	166988
68300	68339
7622	7640
62779	62839
185669	185690
206844	206895
22565	22586
200269	200275
7269	7293
119360	119402
67528	67549
185165	185177
150793	150862
69546	69630
87952	87964
68071	68170
115172	115181
9095	9116
20619	20688
160145	160181
154381	154462
211474	211543
14390	14438
93159	93183
93689	93707
62847	62859
35675	35753
154257	154293
52948	53140
20907	20979
159182	159194
5071	5149
191507	191549
143119	143158
64767	64839
113740	113806
164226	164244
177509	177515
27605	27614
26765	26807
68364	68394
146273	146288
45296	45323
2781	3003
112831	112915
218838	218856
151705	151744
227001	227046
114801	114837
77193	77250
51040	51082
42103	42172
91147	91186
53268	53298
68211	68229
192284	192302
11438	11489
14214	14232
50169	50214
185828	185840
147585	147612
79319	79328
144467	144485
220681	220690
67880	67889
205622	205637
58064	58142
52178	52226
163217	163223
169657	169684
10609	10615
218559	218565
100761	100815
166710	166791
94962	95034
213002	213044
51828	51882
126064	126100
223965	224043
16935	16971
159845	159863
160752	160797
148909	148930
54725	54806
128073	128094
161398	161473
52395	52407
203101	203179
37033	37159
9229	9265
7900	7942
83313	83391
73927	73936
31788	31803
205690	205762
23459	23525
127655	127817
128123	128156
213920	213959
216982	217054
118005	118167
166455	166476
71819	71834
83914	83950
61339	61366
160982	161036
173851	173890
37639	37702
156451	156478
17556	17571
39985	40066
216795	216834
9132	9144
84279	84417
204199	204346
132399	132447
146334	146382
114405	114417
107376	107418
134072	134129
171036	171075
168575	168614
107147	107156
128799	128853
57674	57719
160543	160552
6546	6579
189000	189006
186015	186195
150570	150654
71777	71798
88924	88933
51344	51350
177758	177764
175524	175557
82396	82402
202988	203036
69820	69850
68550	68562
212592	212601
182049	182061
110842	110905
172950	172989
140524	140554
84420	84495
33959	33977
160244	160283
109912	109924
171260	171287
120273	120303
141064	141073
214002	214026
2375	2402
181052	181061
219439	219457
5718	5781
152398	152404
158714	158720
121140	121152
127418	127451
67051	67087
62019	62070
114039	114099
13934	13976
33219	33297
147806	147854
185289	185319
106214	106250
129435	129462
38219	38228
222120	222195
77384	77420
110975	111041
163204	163213
175614	175647
168785	168833
170297	170303
80826	80838
44700	44757
192213	192270
78885	78933
116521	116623
179883	179925
118710	118755
113182	113209
197482	197497
226607	226643
4440	4479
30132	30174
215619	215718
77888	77915
39413	39431
217187	217268
18897	18939
174865	174964
226648	226669
169854	169965
211634	211673
14497	14656
57129	57180
179417	179453
129055	129064
122470	122572
119524	119551
176784	176808
145066	145078
127498	127504
99105	99138
152962	153016
109414	109429
208059	208071
82803	82872
207210	207255
187751	187826
132089	132155
99614	99626
177477	177483
65149	65281
58992	59001
119174	119195
54413	54530
118760	118772
209631	209643
63642	63663
65594	65675
29580	29628
189396	189498
75349	75448
17584	17605
149692	149704
26630	26666
208686	208722
66387	66399
44801	44861
71644	71653
147263	147269
123414	123432
219946	219961
942	1152
198487	198517
72803	72944
159690	159711
56731	56992
10490	10511
77506	77515
187019	187034
48375	48381
45252	45276
123135	123201
119277	119283
97108	97114
128266	128296
38273	38294
44061	44100
154635	154650
26127	26178
127627	127633
199254	199275
103612	103705
162711	162723
188934	188985
127092	127146
224840	224948
13560	13620
220132	220168
211290	211458
93874	93889
115676	115742
145310	145343
145363	145372
75824	75848
181447	181486
117017	117119
139860	139866
184366	184396
196603	196663
206725	206737
138618	138654
47328	47448
60797	60833
90325	90388
223322	223415
153477	153504
195082	195094
108981	108993
136547	136670
81281	81317
79131	79170
5431	5458
89364	89403
223	229
25215	25233
7797	7806
136297	136363
61010	61259
225549	225573
183562	183646
64077	64212
149620	149647
69211	69268
131604	131625
202923	202962
132653	132704
33456	33558
203499	203559
83953	83971
97635	97683
85031	85061
68988	69054
46650	46689
167480	167486
163535	163571
120880	120922
207605	207779
197014	197053
51888	51927
135955	136000
152929	152938
47884	47917
109664	109736
176014	176035
174371	174446
2636	2645
220501	220591
41601	41787
162614	162644
31214	31232
178542	178557
225283	225298
210551	210563
128922	129054
20051	20087
54943	54958
157746	157770
203241	203280
116795	116810
23129	23195
218973	219072
74190	74232
210866	210923
7607	7616
32879	32915
214886	215039
101293	101311
176917	177070
39724	39832
172755	172794
208570	208600
29790	29817
12917	12932
110783	110840
183432	183480
34353	34374
215255	215345
134251	134275
205284	205290
34313	34331
129999	130017
11164	11191
35525	35537
137402	137438
144385	144451
75679	75739
70674	70701
23598	23682
51783	51819
135407	135473
15575	15599
226765	226867
105512	105536
96424	96430
80310	80316
190012	190150
55261	55522
178810	178858
166095	166140
167582	167600
29350	29356
116981	116990
82912	82918
191482	191491

