ORFlength	 absolute_frequency
33	151
276	2
90	41
21	228
63	79
102	38
288	1
336	1
180	6
99	44
18	210
72	65
162	11
264	1
255	2
240	1
246	2
84	49
27	182
57	87
108	30
231	1
243	3
201	4
189	5
225	1
207	3
342	1
78	52
48	119
87	47
174	5
93	34
123	20
261	4
39	177
291	2
210	4
138	15
114	26
417	1
12	247
153	8
15	242
81	50
60	97
45	127
66	84
54	106
237	1
204	6
165	13
198	7
129	17
30	197
141	13
144	12
186	4
222	3
147	10
333	1
252	1
120	19
156	4
75	55
273	1
192	3
471	1
249	1
168	9
135	17
69	70
177	7
24	158
150	8
234	2
282	3
42	146
219	3
105	28
96	26
126	26
6	316
159	10
36	155
183	6
213	4
111	35
51	115
9	279
279	1
132	23
216	2
117	20
171	6
195	4

