startPos	endPos	length
120523	120568	45
48696	48717	21
71	113	42
134302	134338	36
176365	176383	18
158571	158619	48
226424	226436	12
142383	142392	9
144239	144299	60
89261	89282	21
46418	46439	21
43558	43588	30
1785	1800	15
206639	206675	36
66454	66508	54
133691	133709	18
59519	59633	114
38232	38247	15
158902	159049	147
88850	88889	39
25905	25911	6
99004	99049	45
121414	121471	57
61264	61300	36
27084	27108	24
148982	149015	33
177561	177585	24
206415	206421	6
199154	199187	33
60556	60562	6
48405	48423	18
137502	137562	60
203717	203750	33
122340	122346	6
51951	51972	21
175234	175291	57
114854	114941	87
2086	2113	27
175299	175482	183
129564	129615	51
145575	145584	9
143579	143594	15
74873	74918	45
55112	55124	12
103782	103815	33
178453	178462	9
155767	155773	6
205981	206041	60
99264	99312	48
92496	92538	42
109867	109876	9
119993	120035	42
80349	80409	60
2414	2540	126
172551	172608	57
16921	16930	9
140180	140192	12
205412	205451	39
44394	44445	51
210230	210242	12
172111	172141	30
127586	127595	9
191930	192140	210
2114	2162	48
225003	225105	102
147625	147715	90
26279	26387	108
229881	230091	210
130954	130996	42
95943	95964	21
99499	99529	30
45702	45738	36
108453	108477	24
126844	126928	84
120619	120655	36
19799	19862	63
102194	102251	57
144586	144616	30
63546	63636	90
221147	221156	9
42300	42315	15
152722	152755	33
72500	72539	39
132993	133005	12
113012	113138	126
104845	104866	21
19165	19216	51
120135	120171	36
66886	66907	21
200017	200221	204
198803	198821	18
27361	27430	69
76694	76787	93
84852	84861	9
90236	90254	18
44532	44562	30
158636	158699	63
178999	179128	129
184110	184131	21
62241	62283	42
193980	194013	33
157182	157242	60
141446	141455	9
135728	135809	81
196036	196132	96
112936	112951	15
189193	189211	18
86913	86931	18
55718	55757	39
119811	119883	72
82301	82376	75
193722	193746	24
154038	154125	87
46588	46645	57
9670	9682	12
213582	213600	18
156574	156670	96
125328	125337	9
65991	66090	99
3343	3370	27
135030	135051	21
103852	103879	27
18066	18189	123
145889	145907	18
101536	101581	45
194198	194279	81
111045	111087	42
215354	215360	6
77051	77123	72
79660	79726	66
107782	107854	72
100177	100258	81
14118	14163	45
120988	121015	27
96709	96763	54
32950	33169	219
140856	140865	9
171483	171648	165
212917	212962	45
76323	76332	9
39340	39361	21
142079	142127	48
110428	110440	12
175877	175904	27
158177	158192	15
89430	89523	93
67799	67841	42
164289	164412	123
207821	207869	48
152404	152431	27
143227	143248	21
179484	179547	63
46799	46817	18
16203	16260	57
118932	118965	33
163869	163896	27
57762	57792	30
2258	2273	15
205538	205547	9
181423	181447	24
178593	178611	18
102883	102895	12
128537	128567	30
12265	12271	6
158204	158264	60
126314	126380	66
47997	48063	66
187376	187400	24
39864	39903	39
217569	217593	24
53636	53648	12
165829	165967	138
71624	71639	15
17018	17030	12
213687	213768	81
106141	106156	15
132239	132260	21
82203	82293	90
189345	189372	27
1614	1626	12
41818	41857	39
32290	32296	6
205872	205944	72
39110	39122	12
194541	194673	132
53715	53856	141
3638	3731	93
215077	215149	72
203692	203698	6
143206	143215	9
226524	226557	33
168880	168910	30
138778	139066	288
66422	66428	6
48760	48934	174
32470	32491	21
37492	37498	6
171874	171880	6
148382	148412	30
31602	31746	144
229352	229373	21
211179	211215	36
172678	172726	48
224123	224144	21
199339	199366	27
1656	1665	9
112254	112284	30
109385	109394	9
101471	101525	54
7310	7436	126
126484	126583	99
117305	117440	135
111525	111555	30
196275	196332	57
63265	63271	6
37363	37414	51
221570	221585	15
53422	53488	66
73265	73328	63
208360	208387	27
120377	120422	45
41463	41559	96
200875	200884	9
90225	90234	9
35218	35230	12
30183	30231	48
187738	187750	12
45384	45390	6
147199	147247	48
141388	141424	36
146813	146828	15
206295	206328	33
129178	129193	15
81709	81715	6
45581	45620	39
194960	195011	51
179306	179366	60
227866	227887	21
159570	159612	42
217083	217161	78
115233	115239	6
34438	34525	87
187680	187731	51
117130	117154	24
70527	70560	33
185762	185804	42
174307	174319	12
57255	57408	153
167955	168021	66
132830	132851	21
23712	23769	57
43782	43854	72
10178	10214	36
89532	89628	96
64274	64289	15
61469	61541	72
788	812	24
211675	211717	42
219404	219419	15
201005	201059	54
125091	125148	57
53162	53207	45
135538	135571	33
86872	86893	21
125066	125081	15
79645	79651	6
172352	172436	84
163516	163534	18
137378	137402	24
42651	42756	105
148847	148901	54
89766	89820	54
45068	45092	24
33427	33451	24
95309	95342	33
95388	95409	21
199386	199413	27
200755	200761	6
223091	223097	6
7857	7887	30
20604	20619	15
138128	138341	213
117834	117888	54
153596	153641	45
59733	59976	243
174672	174684	12
142662	142704	42
200281	200299	18
148636	148642	6
210931	210997	66
176387	176399	12
95427	95463	36
193087	193150	63
125865	125904	39
181036	181045	9
155899	155971	72
134623	134662	39
190391	190397	6
173764	173782	18
159240	159270	30
102934	102943	9
68683	68755	72
112668	112704	36
95775	95787	12
57896	57956	60
55248	55257	9
75995	76040	45
38498	38561	63
121830	121893	63
18329	18365	36
142439	142463	24
82777	82795	18
213112	213169	57
179248	179260	12
129897	129951	54
93334	93457	123
221034	221046	12
35065	35122	57
125213	125231	18
224348	224387	39
170279	170294	15
188384	188474	90
26850	26877	27
201351	201357	6
89849	89909	60
86408	86414	6
97929	97956	27
60293	60302	9
21020	21053	33
51555	51582	27
51991	52003	12
114243	114333	90
66523	66631	108
140587	140596	9
110056	110101	45
143657	143741	84
127535	127553	18
153436	153448	12
117575	117644	69
198626	198662	36
91873	91915	42
86628	86658	30
158533	158554	21
60928	60934	6
79827	79860	33
179977	180118	141
139909	139963	54
85305	85314	9
204931	205060	129
123587	123599	12
36095	36128	33
121158	121188	30
93798	93828	30
174059	174065	6
186246	186252	6
179149	179164	15
169193	169280	87
161311	161347	36
30433	30490	57
93710	93785	75
67737	67758	21
47941	47983	42
97017	97098	81
16755	16794	39
156143	156155	12
149813	149879	66
208303	208339	36
43888	43903	15
84971	85010	39
36685	36805	120
52228	52285	57
139183	139270	87
86735	86756	21
162906	162915	9
195602	195650	48
94850	94862	12
210640	210673	33
22817	22943	126
214246	214252	6
52410	52440	30
92064	92148	84
152664	152694	30
153205	153238	33
217508	217556	48
150409	150424	15
177114	177147	33
100821	100878	57
177231	177267	36
81979	82120	141
62288	62330	42
132288	132309	21
184735	184783	48
55635	55662	27
24558	24573	15
180180	180237	57
14303	14309	6
16049	16067	18
193333	193375	42
189162	189177	15
49487	49514	27
55820	55835	15
174281	174296	15
10370	10385	15
172161	172173	12
132189	132216	27
84203	84266	63
137057	137087	30
149081	149132	51
77946	77997	51
106462	106477	15
229816	229831	15
96827	96857	30
119437	119452	15
27823	27868	45
72584	72641	57
89635	89701	66
118860	118875	15
124097	124256	159
209327	209348	21
112920	112935	15
70918	70948	30
65701	65710	9
92820	92847	27
138495	138537	42
25943	25970	27
190432	190441	9
163831	163852	21
192735	192855	120
207394	207415	21
213331	213340	9
78227	78251	24
153262	153274	12
209149	209188	39
139988	139994	6
82627	82645	18
141961	142033	72
132573	132582	9
215236	215245	9
18242	18272	30
16708	16750	42
229546	229705	159
194067	194169	102
154947	154956	9
157340	157427	87
97225	97270	45
21396	21411	15
131765	131864	99
104210	104339	129
30650	30689	39
174987	175041	54
158391	158463	72
17893	17941	48
5240	5282	42
123295	123370	75
89309	89330	21
4490	4523	33
29474	29504	30
125930	125957	27
93054	93093	39
80086	80194	108
163229	163283	54
98554	98614	60
152532	152601	69
25750	25786	36
69076	69109	33
39519	39549	30
178046	178079	33
108564	108576	12
208251	208272	21
193519	193534	15
154905	154914	9
167639	167771	132
201523	201562	39
191663	191681	18
37502	37508	6
86931	87018	87
12203	12248	45
136432	136492	60
5799	5835	36
129251	129269	18
54530	54584	54
112506	112563	57
210704	210779	75
141813	141837	24
60312	60369	57
45523	45529	6
155800	155815	15
210414	210465	51
118574	118664	90
35236	35332	96
157570	157582	12
69299	69338	39
11527	11617	90
160849	160912	63
165324	165357	33
21827	21908	81
112961	112979	18
131649	131751	102
49531	49618	87
13090	13111	21
103240	103279	39
71098	71116	18
68496	68541	45
162492	162543	51
85524	85653	129
12862	12871	9
66180	66270	90
130369	130549	180
50063	50105	42
110130	110190	60
125575	125599	24
31131	31167	36
74299	74359	60
174331	174361	30
17247	17289	42
8976	8997	21
174698	174791	93
35836	35890	54
185256	185286	30
165533	165665	132
68797	68821	24
50293	50332	39
46276	46342	66
116100	116151	51
89185	89194	9
67372	67393	21
180911	180992	81
180563	180689	126
123803	123908	105
81845	81959	114
140645	140822	177
6684	6786	102
222577	223048	471
94682	94718	36
88070	88136	66
21627	21741	114
194865	194907	42
53983	53992	9
81434	81545	111
112184	112223	39
22759	22810	51
5852	5948	96
203562	203577	15
78085	78172	87
176428	176710	282
155366	155408	42
88312	88342	30
191733	191862	129
170390	170423	33
123034	123064	30
185502	185514	12
169441	169471	30
152895	152904	9
101027	101141	114
184478	184508	30
84566	84698	132
157771	157780	9
203933	203984	51
119197	119203	6
6854	6908	54
49403	49457	54
94570	94612	42
224735	224759	24
165457	165472	15
138770	138776	6
59293	59305	12
229388	229400	12
170904	170970	66
188694	188925	231
42174	42195	21
34663	34669	6
73800	73848	48
7513	7546	33
106059	106122	63
128501	128507	6
163592	163631	39
188636	188654	18
162007	162013	6
207090	207114	24
24787	24844	57
228104	228119	15
129699	129723	24
178931	178982	51
21427	21457	30
120096	120132	36
17725	17752	27
39188	39233	45
173158	173179	21
118517	118523	6
187308	187347	39
121106	121139	33
11803	11815	12
148185	148269	84
197791	197854	63
128878	128905	27
37826	37958	132
54606	54684	78
47161	47167	6
218700	218748	48
228255	228300	45
201595	201709	114
111930	112077	147
26596	26620	24
27175	27229	54
229413	229464	51
79587	79617	30
147892	147961	69
168147	168303	156
165363	165369	6
58182	58209	27
46985	47138	153
94223	94262	39
135619	135631	12
67118	67130	12
62598	62619	21
208866	208872	6
65756	65945	189
87831	87852	21
116514	116520	6
218791	218797	6
90899	90923	24
17213	17234	21
150035	150113	78
153512	153554	42
17841	17850	9
73419	73437	18
32068	32086	18
142320	142371	51
102620	102653	33
133750	133819	69
153871	153889	18
12759	12792	33
75018	75081	63
685	697	12
214814	214835	21
158722	158782	60
114125	114170	45
190667	190697	30
135345	135369	24
68408	68438	30
197537	197603	66
185011	185062	51
150316	150382	66
166342	166354	12
72289	72322	33
204477	204540	63
144502	144517	15
116837	116885	48
128161	128167	6
30094	30124	30
4015	4054	39
171299	171368	69
128702	128777	75
192651	192681	30
15107	15182	75
134990	135020	30
143800	143812	12
168398	168467	69
185186	185249	63
132497	132527	30
147424	147460	36
15672	15714	42
173921	174014	93
70803	70890	87
179805	179868	63
159549	159567	18
9404	9488	84
88607	88619	12
151624	151693	69
192997	193066	69
128853	128877	24
140326	140335	9
130862	130916	54
196774	196780	6
76561	76576	15
64540	64621	81
195782	195950	168
119455	119506	51
94297	94318	21
171883	171901	18
137438	137492	54
208438	208483	45
29296	29305	9
170174	170240	66
125533	125539	6
129121	129157	36
130748	130790	42
106941	107064	123
218281	218422	141
159322	159367	45
206912	207077	165
10000	10024	24
34273	34279	6
79250	79259	9
119404	119428	24
50393	50510	117
56308	56584	276
137618	137687	69
7178	7235	57
97743	97779	36
81750	81825	75
30692	30713	21
53956	53962	6
117760	117820	60
177274	177280	6
125153	125159	6
329	368	39
98333	98348	15
208078	208087	9
101629	101665	36
52706	52724	18
225599	225608	9
196964	197006	42
210483	210525	42
204680	204701	21
125637	125694	57
86284	86290	6
26913	27024	111
177168	177207	39
178155	178173	18
88142	88175	33
25306	25381	75
137169	137241	72
145236	145257	21
85238	85298	60
187405	187513	108
63694	63733	39
103761	103782	21
9848	9980	132
75861	75960	99
32793	32823	30
67288	67351	63
169756	169831	75
117999	118005	6
29972	30008	36
107731	107761	30
185414	185432	18
153425	153434	9
149960	149975	15
146147	146180	33
184508	184709	201
131408	131444	36
103291	103297	6
155599	155644	45
201876	201912	36
148075	148108	33
94117	94144	27
160556	160610	54
34970	34985	15
132861	132918	57
123914	124013	99
12491	12509	18
53216	53228	12
120471	120477	6
102689	102749	60
139394	139466	72
219738	219774	36
196501	196528	27
120360	120372	12
173472	173535	63
159974	159980	6
19387	19417	30
140868	140883	15
195973	196000	27
94154	94214	60
127879	127885	6
11194	11272	78
99709	99760	51
28059	28071	12
222211	222217	6
182807	182867	60
15015	15084	69
3075	3291	216
112415	112487	72
159275	159281	6
21526	21577	51
76830	76839	9
116480	116510	30
165242	165281	39
190893	191091	198
46372	46399	27
74000	74009	9
154468	154495	27
109535	109571	36
133119	133173	54
105337	105406	69
27475	27517	42
160114	160135	21
191162	191180	18
32739	32781	42
85675	85750	75
203635	203650	15
187063	187201	138
45905	45932	27
229088	229343	255
174247	174265	18
205840	205849	9
139158	139170	12
1716	1776	60
19975	20014	39
213445	213517	72
6202	6247	45
170976	171015	39
82701	82770	69
28969	29116	147
176253	176328	75
28075	28129	54
142775	142793	18
225801	225828	27
134904	134913	9
16438	16453	15
163655	163670	15
214502	214598	96
126386	126443	57
20829	20859	30
226159	226171	12
83410	83665	255
209681	209747	66
87528	87543	15
96122	96128	6
154989	155007	18
215921	215948	27
154224	154257	33
20385	20421	36
106722	106794	72
27255	27261	6
198169	198292	123
228651	228753	102
72071	72083	12
88688	88709	21
87881	87923	42
44873	44888	15
124964	124985	21
87670	87682	12
126194	126305	111
36563	36674	111
155409	155496	87
227205	227445	240
108373	108418	45
93895	93961	66
194026	194065	39
127830	127863	33
138399	138417	18
141106	141136	30
7986	8055	69
160960	160972	12
160421	160451	30
48122	48233	111
143257	143374	117
73612	73630	18
227127	227205	78
165389	165434	45
228980	229070	90
2367	2373	6
60254	60269	15
72697	72727	30
34528	34558	30
28642	28666	24
62870	62993	123
46089	46101	12
221354	221393	39
25246	25261	15
196572	196593	21
153152	153167	15
118412	118442	30
62635	62671	36
119003	119009	6
183397	183421	24
159874	159946	72
110500	110542	42
36219	36258	39
216056	216089	33
219235	219250	15
9493	9499	6
170563	170641	78
33624	33645	21
121623	121671	48
149452	149479	27
84521	84536	15
184898	184904	6
45429	45489	60
182550	182571	21
54073	54238	165
161235	161256	21
74492	74498	6
100933	101014	81
7686	7740	54
146384	146420	36
212969	212975	6
98041	98062	21
4744	4783	39
205091	205163	72
51422	51506	84
208120	208162	42
133352	133379	27
101880	101946	66
38154	38211	57
118367	118394	27
164477	164531	54
223568	223574	6
172990	173032	42
99851	99992	141
206752	206764	12
193808	193844	36
152269	152290	21
85446	85458	12
161974	162007	33
117489	117561	72
2005	2032	27
162782	162827	45
69877	69892	15
103011	103035	24
60508	60523	15
86533	86563	30
175067	175148	81
143862	143874	12
142716	142725	9
42765	42774	9
647	677	30
223211	223241	30
42479	42596	117
226013	226052	39
87731	87749	18
151427	151457	30
31878	31902	24
21762	21801	39
193182	193275	93
136380	136407	27
21066	21096	30
10266	10299	33
107887	107941	54
38055	38130	75
104555	104579	24
193395	193419	24
214759	214783	24
201420	201429	9
132611	132638	27
81591	81708	117
100579	100648	69
140884	140902	18
146293	146323	30
81198	81231	33
96178	96205	27
152803	152824	21
62070	62163	93
128355	128400	45
111253	111286	33
208886	208895	9
131969	131990	21
121472	121523	51
217991	218042	51
186630	186738	108
186285	186522	237
201795	201801	6
184053	184101	48
56694	56724	30
133591	133597	6
108083	108161	78
185848	185914	66
34377	34398	21
150137	150176	39
71240	71291	51
48464	48533	69
212045	212060	15
190752	190770	18
174475	174505	30
162858	162903	45
24302	24503	201
47528	47549	21
157533	157551	18
189876	189888	12
121743	121797	54
42384	42450	66
111473	111479	6
195296	195341	45
135085	135148	63
101159	101165	6
138082	138097	15
220852	221029	177
187202	187280	78
186539	186569	30
22068	22200	132
90174	90186	12
162996	163116	120
23014	23125	111
170053	170152	99
165128	165242	114
67779	67794	15
13140	13146	6
179932	179941	9
171650	171785	135
64646	64676	30
193074	193086	12
114954	115035	81
199056	199131	75
184998	185010	12
167138	167174	36
102990	103011	21
183040	183085	45
193681	193693	12
26685	26700	15
192713	192728	15
196132	196171	39
60379	60502	123
158053	158071	18
12278	12335	57
197325	197346	21
163388	163394	6
8383	8410	27
103915	103921	6
93536	93587	51
69447	69483	36
87568	87661	93
78545	78566	21
111593	111611	18
151785	152202	417
196677	196716	39
97413	97449	36
119593	119653	60
13917	13929	12
80662	80788	126
10875	10962	87
146182	146200	18
162265	162346	81
27066	27078	12
155999	156110	111
135843	135885	42
206551	206593	42
11401	11416	15
82797	82803	6
157257	157284	27
52847	52910	63
5192	5213	21
203898	203904	6
199821	199839	18
1412	1457	45
85342	85360	18
143513	143570	57
49137	49179	42
38737	38743	6
96001	96061	60
167350	167395	45
74549	74639	90
8833	8944	111
38599	38725	126
9502	9589	87
20465	20600	135
35417	35450	33
156195	156285	90
32680	32707	27
31906	31942	36
200474	200594	120
173550	173709	159
149024	149033	9
85091	85139	48
53536	53590	54
221258	221279	21
206142	206157	15
124039	124078	39
228426	228489	63
21378	21390	12
130598	130628	30
41387	41396	9
185587	185653	66
87757	87775	18
210041	210047	6
148416	148503	87
114618	114645	27
33785	33830	45
74458	74491	33
119097	119166	69
120715	120733	18
131553	131559	6
156350	156365	15
161674	161956	282
108182	108188	6
201278	201350	72
173836	173848	12
80864	80891	27
3948	3954	6
29431	29440	9
89957	90023	66
201996	202026	30
41273	41372	99
196927	196936	9
119655	119724	69
38434	38482	48
22264	22342	78
216118	216133	15
209919	209988	69
127179	127194	15
135191	135263	72
79936	80014	78
96318	96333	15
25619	25667	48
55998	56145	147
177092	177101	9
217602	217713	111
94915	94927	12
13010	13079	69
4694	4742	48
171795	171816	21
146962	146968	6
2620	2626	6
173078	173153	75
52034	52070	36
93026	93053	27
168948	168996	48
124705	124753	48
147719	147776	57
46173	46221	48
171837	171846	9
47230	47245	15
35173	35191	18
116334	116424	90
86183	86228	45
141701	141710	9
24903	24924	21
136713	136728	15
23819	23858	39
210827	210857	30
223299	223305	6
14869	14923	54
76358	76436	78
77260	77302	42
149174	149243	69
193615	193642	27
82550	82580	30
173304	173319	15
71582	71618	36
169074	169140	66
194441	194483	42
177940	177952	12
174222	174237	15
67145	67178	33
46102	46108	6
2720	2759	39
185536	185542	6
52942	52948	6
29271	29292	21
214090	214156	66
31988	32033	45
85750	85795	45
223868	223919	51
22392	22521	129
214355	214361	6
163911	164028	117
7239	7245	6
40902	40998	96
71546	71570	24
215497	215527	30
175564	175597	33
216216	216300	84
159751	159838	87
4418	4427	9
144808	144853	45
39700	39721	21
157457	157523	66
34905	34959	54
50256	50292	36
23410	23437	27
58417	58525	108
122959	122998	39
108009	108042	33
57838	57850	12
144316	144325	9
229711	229795	84
45819	45855	36
220344	220350	6
13167	13257	90
75106	75157	51
221461	221491	30
76928	76934	6
105612	105633	21
5032	5056	24
120701	120713	12
63967	63991	24
88520	88532	12
201127	201178	51
73526	73610	84
141144	141213	69
212270	212441	171
71330	71528	198
135903	135939	36
25443	25455	12
44037	44055	18
182078	182111	33
200598	200607	9
149357	149408	51
43507	43528	21
58713	58827	114
171173	171239	66
14671	14713	42
33191	33197	6
3391	3397	6
162031	162097	66
52731	52740	9
98676	98724	48
153953	153998	45
60640	60733	93
8171	8273	102
92930	92981	51
213311	213329	18
90795	90882	87
48982	48997	15
171080	171095	15
23348	23369	21
147112	147121	9
192356	192362	6
224453	224576	123
34738	34882	144
200830	200875	45
94053	94101	48
181088	181106	18
50864	50912	48
48560	48566	6
99474	99498	24
92994	93021	27
211849	211921	72
4196	4361	165
155661	155700	39
129086	129095	9
218102	218174	72
125492	125519	27
170429	170513	84
221587	221641	54
118471	118513	42
62340	62364	24
24963	25017	54
186865	186964	99
135169	135187	18
22615	22654	39
84865	84883	18
98810	98843	33
28750	28759	9
137700	137739	39
226062	226125	63
223636	223855	219
62454	62499	45
13358	13367	9
79194	79236	42
102016	102028	12
189579	189654	75
86037	86067	30
161370	161379	9
175493	175511	18
13992	14094	102
51117	51141	24
137931	137988	57
110283	110316	33
222348	222375	27
105485	105491	6
107656	107713	57
95717	95753	36
178255	178270	15
83976	83997	21
155250	155292	42
220064	220073	9
217304	217460	156
181564	181588	24
15232	15478	246
6601	6676	75
95238	95298	60
34200	34263	63
168513	168519	6
112315	112336	21
124885	124903	18
226678	226729	51
26178	26232	54
7441	7480	39
42198	42210	12
50117	50153	36
29504	29552	48
67557	67707	150
122720	122807	87
43948	43969	21
189544	189550	6
47622	47643	21
56167	56176	9
192446	192476	30
20091	20181	90
107068	107086	18
121281	121377	96
215738	215759	21
81139	81154	15
143744	143771	27
181496	181532	36
158306	158366	60
152313	152319	6
184956	184968	12
87979	87991	12
180259	180322	63
70441	70453	12
28503	28602	99
132767	132818	51
76302	76323	21
183174	183315	141
70489	70507	18
205452	205491	39
95521	95539	18
152772	152784	12
173392	173410	18
108219	108291	72
59070	59184	114
28784	28961	177
109639	109651	12
130213	130255	42
142543	142612	69
74143	74155	12
122086	122092	6
228495	228552	57
183335	183350	15
166647	166695	48
211088	211115	27
129200	129215	15
54272	54362	90
198856	198919	63
40483	40495	12
209502	209595	93
125259	125328	69
113489	113531	42
155528	155558	30
73023	73029	6
131446	131488	42
133014	133023	9
203664	203673	9
218871	218886	15
19320	19377	57
66954	66975	21
114738	114765	27
128660	128675	15
42639	42645	6
49207	49324	117
62367	62388	21
71972	72041	69
182015	182036	21
207447	207477	30
94521	94551	30
207530	207593	63
20714	20774	60
110197	110224	27
201380	201392	12
161225	161231	6
27265	27271	6
69409	69433	24
104041	104107	66
225373	225535	162
179602	179704	102
32407	32437	30
3013	3025	12
105130	105262	132
93131	93140	9
93679	93685	6
38410	38434	24
219077	219110	33
208933	209032	99
131111	131231	120
63030	63102	72
75229	75265	36
108526	108550	24
96240	96279	39
46120	46132	12
105871	106045	174
203789	203888	99
53993	53999	6
197238	197274	36
181608	181803	195
185065	185113	48
181233	181398	165
79459	79519	60
228349	228367	18
127901	127997	96
174586	174634	48
143876	143996	120
147406	147421	15
85867	85876	9
148273	148318	45
86756	86771	15
218762	218768	6
167	176	9
87232	87346	114
196181	196226	45
212608	212617	9
153303	153327	24
203361	203385	24
142909	142951	42
88534	88591	57
211926	211944	18
6373	6523	150
14723	14786	63
80982	81039	57
153900	153927	27
11745	11775	30
97298	97343	45
138689	138704	15
165723	165756	33
134351	134465	114
111123	111246	123
162161	162170	9
41565	41592	27
86499	86511	12
105539	105596	57
71660	71717	57
226882	226951	69
227593	227638	45
21326	21347	21
103066	103078	12
71310	71316	6
190358	190382	24
13454	13475	21
124993	125056	63
165029	165104	75
136781	136826	45
164779	164812	33
189015	189054	39
141860	141890	30
157310	157331	21
170367	170373	6
214387	214492	105
122179	122239	60
133391	133529	138
196733	196751	18
43602	43629	27
223121	223160	39
212187	212247	60
170681	170729	48
220719	220770	51
70574	70628	54
208825	208843	18
59230	59266	36
96444	96567	123
100110	100140	30
50010	50052	42
72159	72171	12
57453	57492	39
96656	96707	51
116962	116977	15
182619	182658	39
184011	184017	6
226447	226513	66
113231	113237	6
45778	45814	36
134758	134830	72
223167	223176	9
205060	205081	21
206231	206291	60
68654	68672	18
192862	192916	54
50625	50745	120
43084	43288	204
142410	142434	24
149153	149171	18
19432	19471	39
73172	73196	24
74663	74738	75
107322	107355	33
195402	195438	36
219799	219937	138
59671	59695	24
166228	166315	87
98430	98532	102
101766	101868	102
33678	33702	24
190197	190236	39
113549	113582	33
41072	41114	42
181862	181988	126
177385	177430	45
172237	172303	66
76958	76997	39
159440	159494	54
197677	197776	99
15777	16023	246
228403	228412	9
175656	175773	117
221897	221972	75
120233	120260	27
91297	91309	12
42795	42915	120
47211	47229	18
124324	124504	180
164112	164154	42
183551	183560	9
177858	177900	42
141269	141317	48
13836	13884	48
185567	185573	6
108811	108898	87
217775	217856	81
108917	108971	54
145036	145042	6
46447	46513	66
51604	51769	165
100345	100363	18
5376	5427	51
50755	50800	45
19000	19045	45
8087	8150	63
58353	58359	6
211988	212015	27
223477	223564	87
162020	162029	9
38886	38922	36
111858	111903	45
67897	68008	111
121027	121096	69
216010	216031	21
61835	61886	51
213849	213900	51
160370	160406	36
28428	28452	24
22691	22748	57
202048	202222	174
6015	6087	72
204348	204393	45
149714	149762	48
144695	144752	57
147306	147351	45
106586	106709	123
3815	3866	51
109051	109135	84
117184	117232	48
73723	73747	24
199926	200013	87
179385	179394	9
159085	159175	90
153802	153841	39
188474	188600	126
220393	220474	81
97551	97596	45
171971	171977	6
51250	51340	90
17973	18051	78
106844	106907	63
30831	30858	27
90463	90544	81
104732	104792	60
95610	95694	84
116163	116232	69
197394	197466	72
167011	167116	105
82939	83098	159
44593	44665	72
49382	49391	9
43311	43401	90
89034	89112	78
10825	10846	21
228637	228649	12
157608	157743	135
91443	91473	30
226253	226283	30
69721	69739	18
19522	19798	276
184797	184839	42
54015	54039	24
197197	197227	30
157005	157017	12
125758	125782	24
157988	158006	18
163454	163484	30
63300	63387	87
24747	24756	9
5285	5312	27
56631	56667	36
114517	114607	90
39013	39097	84
16070	16103	33
169550	169649	99
199508	199541	33
13657	13750	93
72253	72274	21
190821	190842	21
97486	97492	6
129776	129857	81
103316	103325	9
30965	31037	72
196362	196407	45
164551	164593	42
138430	138481	51
8663	8693	30
88478	88493	15
26447	26585	138
80024	80036	12
201939	201957	18
44	68	24
55878	55932	54
195174	195195	21
111293	111332	39
122389	122467	78
53314	53329	15
70109	70193	84
206060	206117	57
156731	156995	264
179753	179759	6
145722	145734	12
60978	61002	24
200914	200974	60
30541	30565	24
145766	145790	24
210292	210391	99
55529	55562	33
202276	202303	27
49079	49121	42
131344	131392	48
216426	216717	291
139694	139754	60
187890	187932	42
11988	12072	84
97279	97285	6
220015	220027	12
61960	62008	48
228833	228845	12
202423	202588	165
141645	141693	48
208659	208665	6
105014	105104	90
151335	151383	48
41897	42005	108
60191	60245	54
78186	78216	30
183904	183922	18
64689	64749	60
103138	103204	66
18477	18585	108
32303	32399	96
96605	96647	42
172795	172882	87
69144	69150	6
65387	65408	21
73754	73778	24
206521	206545	24
91975	92032	57
702	762	60
136155	136254	99
157852	157909	57
120819	120873	54
137992	138013	21
49772	49850	78
110716	110761	45
217879	217927	48
202615	202801	186
194731	194746	15
55211	55232	21
178427	178448	21
145684	145696	12
170779	170812	33
101262	101286	24
44564	44573	9
130118	130145	27
211127	211139	12
171439	171472	33
135575	135596	21
201735	201795	60
55171	55192	21
167314	167332	18
207290	207311	21
90674	90725	51
133300	133333	33
143996	144008	12
150941	151070	129
151761	151785	24
92206	92338	132
194503	194533	30
204024	204126	102
1889	1910	21
103415	103610	195
24729	24744	15
104433	104481	48
30897	30933	36
207141	207147	6
83225	83237	12
168073	168094	21
79527	79551	24
85189	85216	27
30514	30532	18
111641	111668	27
168479	168506	27
154690	154783	93
192490	192541	51
9613	9643	30
97730	97736	6
115542	115659	117
223919	223934	15
126593	126755	162
58859	58919	60
35013	35058	45
161196	161220	24
204405	204414	9
139615	139663	48
57008	57038	30
112626	112656	30
9723	9750	27
76189	76201	12
42049	42100	51
85470	85518	48
198319	198400	81
64911	65022	111
226284	226407	123
155046	155145	99
169543	169549	6
81398	81407	9
160073	160079	6
117660	117681	21
74048	74102	54
194766	194796	30
29132	29249	117
118776	118845	69
27694	27799	105
123730	123748	18
202818	202902	84
78423	78477	54
146841	146940	99
48934	48973	39
105817	105841	24
5543	5588	45
160458	160479	21
196879	196912	33
52331	52367	36
100279	100321	42
197875	197887	12
8761	8782	21
43658	43763	105
137908	137914	6
200613	200709	96
40425	40440	15
45152	45158	6
94391	94463	72
222013	222106	93
58525	58567	42
205561	205591	30
102297	102369	72
25390	25429	39
54826	54847	21
182294	182387	93
182904	183006	102
141541	141634	93
19219	19261	42
22361	22379	18
71139	71223	84
157974	157983	9
203404	203479	75
15612	15654	42
114428	114470	42
146998	147061	63
33999	34017	18
113811	113817	6
63201	63261	60
98011	98026	15
68769	68793	24
221167	221236	69
129095	129113	18
225127	225175	48
66110	66128	18
25511	25580	69
163311	163347	36
106287	106398	111
211221	211254	33
18387	18468	81
156511	156556	45
166520	166541	21
17818	17839	21
213277	213307	30
225862	225967	105
36805	36832	27
38986	38998	12
210128	210203	75
100085	100106	21
31509	31578	69
31385	31427	42
151501	151573	72
172320	172326	6
144089	144116	27
16143	16173	30
184155	184161	6
140294	140321	27
173256	173265	9
91473	91599	126
214676	214697	21
16108	16135	27
147510	147549	39
187935	188268	333
86485	86494	9
96367	96388	21
8583	8634	51
65409	65580	171
113308	113431	123
140247	140253	6
197915	198011	96
191579	191657	78
14267	14297	30
98744	98783	39
77019	77043	24
119930	119966	36
3881	3947	66
36543	36552	9
125341	125470	129
174562	174577	15
91638	91689	51
195477	195552	75
45934	45961	27
151131	151158	27
88996	89023	27
167215	167251	36
111586	111592	6
190538	190574	36
142303	142318	15
120767	120773	6
145855	145882	27
213210	213258	48
123480	123582	102
107592	107634	42
219561	219705	144
154849	154861	12
145112	145187	75
77472	77490	18
18651	18711	60
10338	10356	18
77675	77699	24
84731	84752	21
96403	96409	6
78606	78651	45
1628	1652	24
88245	88308	63
56999	57005	6
221751	221850	99
225679	225760	81
16303	16351	48
177357	177369	12
6958	7009	51
23210	23324	114
54849	54867	18
118911	118929	18
80472	80553	81
91052	91082	30
16364	16415	51
4646	4652	6
92647	92746	99
52115	52160	45
115305	115404	99
70953	71001	48
111363	111447	84
70219	70390	171
108585	108774	189
12369	12435	66
138103	138127	24
99529	99598	69
2187	2223	36
196786	196849	63
158503	158533	30
195025	195040	15
10620	10644	24
64414	64456	42
33397	33406	9
17327	17525	198
33878	33959	81
19932	19968	36
67179	67194	15
61690	61804	114
12566	12653	87
185699	185753	54
102438	102486	48
95889	95916	27
109344	109380	36
153645	153681	36
96924	96954	30
154178	154211	33
11115	11124	9
88952	88970	18
6163	6190	27
441	465	24
147063	147105	42
48248	48359	111
15523	15568	45
36430	36514	84
16490	16691	201
216322	216340	18
25065	25134	69
81323	81350	27
150478	150499	21
183968	183986	18
195227	195245	18
215174	215198	24
35961	36021	60
1500	1539	39
128013	128067	54
133174	133231	57
138032	138044	12
184197	184254	57
199610	199739	129
23890	24226	336
101328	101466	138
224797	224812	15
57564	57582	18
54979	55072	93
67415	67448	33
222416	222560	144
152834	152864	30
166982	166988	6
68300	68339	39
7622	7640	18
62779	62839	60
185669	185690	21
206844	206895	51
22565	22586	21
200269	200275	6
7269	7293	24
119360	119402	42
67528	67549	21
185165	185177	12
150793	150862	69
69546	69630	84
87952	87964	12
68071	68170	99
115172	115181	9
9095	9116	21
20619	20688	69
160145	160181	36
154381	154462	81
211474	211543	69
14390	14438	48
93159	93183	24
93689	93707	18
62847	62859	12
35675	35753	78
154257	154293	36
52948	53140	192
20907	20979	72
159182	159194	12
5071	5149	78
191507	191549	42
143119	143158	39
64767	64839	72
113740	113806	66
164226	164244	18
177509	177515	6
27605	27614	9
26765	26807	42
68364	68394	30
146273	146288	15
45296	45323	27
2781	3003	222
112831	112915	84
218838	218856	18
151705	151744	39
227001	227046	45
114801	114837	36
77193	77250	57
51040	51082	42
42103	42172	69
91147	91186	39
53268	53298	30
68211	68229	18
192284	192302	18
11438	11489	51
14214	14232	18
50169	50214	45
185828	185840	12
147585	147612	27
79319	79328	9
144467	144485	18
220681	220690	9
67880	67889	9
205622	205637	15
58064	58142	78
52178	52226	48
163217	163223	6
169657	169684	27
10609	10615	6
218559	218565	6
100761	100815	54
166710	166791	81
94962	95034	72
213002	213044	42
51828	51882	54
126064	126100	36
223965	224043	78
16935	16971	36
159845	159863	18
160752	160797	45
148909	148930	21
54725	54806	81
128073	128094	21
161398	161473	75
52395	52407	12
203101	203179	78
37033	37159	126
9229	9265	36
7900	7942	42
83313	83391	78
73927	73936	9
31788	31803	15
205690	205762	72
23459	23525	66
127655	127817	162
128123	128156	33
213920	213959	39
216982	217054	72
118005	118167	162
166455	166476	21
71819	71834	15
83914	83950	36
61339	61366	27
160982	161036	54
173851	173890	39
37639	37702	63
156451	156478	27
17556	17571	15
39985	40066	81
216795	216834	39
9132	9144	12
84279	84417	138
204199	204346	147
132399	132447	48
146334	146382	48
114405	114417	12
107376	107418	42
134072	134129	57
171036	171075	39
168575	168614	39
107147	107156	9
128799	128853	54
57674	57719	45
160543	160552	9
6546	6579	33
189000	189006	6
186015	186195	180
150570	150654	84
71777	71798	21
88924	88933	9
51344	51350	6
177758	177764	6
175524	175557	33
82396	82402	6
202988	203036	48
69820	69850	30
68550	68562	12
212592	212601	9
182049	182061	12
110842	110905	63
172950	172989	39
140524	140554	30
84420	84495	75
33959	33977	18
160244	160283	39
109912	109924	12
171260	171287	27
120273	120303	30
141064	141073	9
214002	214026	24
2375	2402	27
181052	181061	9
219439	219457	18
5718	5781	63
152398	152404	6
158714	158720	6
121140	121152	12
127418	127451	33
67051	67087	36
62019	62070	51
114039	114099	60
13934	13976	42
33219	33297	78
147806	147854	48
185289	185319	30
106214	106250	36
129435	129462	27
38219	38228	9
222120	222195	75
77384	77420	36
110975	111041	66
163204	163213	9
175614	175647	33
168785	168833	48
170297	170303	6
80826	80838	12
44700	44757	57
192213	192270	57
78885	78933	48
116521	116623	102
179883	179925	42
118710	118755	45
113182	113209	27
197482	197497	15
226607	226643	36
4440	4479	39
30132	30174	42
215619	215718	99
77888	77915	27
39413	39431	18
217187	217268	81
18897	18939	42
174865	174964	99
226648	226669	21
169854	169965	111
211634	211673	39
14497	14656	159
57129	57180	51
179417	179453	36
129055	129064	9
122470	122572	102
119524	119551	27
176784	176808	24
145066	145078	12
127498	127504	6
99105	99138	33
152962	153016	54
109414	109429	15
208059	208071	12
82803	82872	69
207210	207255	45
187751	187826	75
132089	132155	66
99614	99626	12
177477	177483	6
65149	65281	132
58992	59001	9
119174	119195	21
54413	54530	117
118760	118772	12
209631	209643	12
63642	63663	21
65594	65675	81
29580	29628	48
189396	189498	102
75349	75448	99
17584	17605	21
149692	149704	12
26630	26666	36
208686	208722	36
66387	66399	12
44801	44861	60
71644	71653	9
147263	147269	6
123414	123432	18
219946	219961	15
942	1152	210
198487	198517	30
72803	72944	141
159690	159711	21
56731	56992	261
10490	10511	21
77506	77515	9
187019	187034	15
48375	48381	6
45252	45276	24
123135	123201	66
119277	119283	6
97108	97114	6
128266	128296	30
38273	38294	21
44061	44100	39
154635	154650	15
26127	26178	51
127627	127633	6
199254	199275	21
103612	103705	93
162711	162723	12
188934	188985	51
127092	127146	54
224840	224948	108
13560	13620	60
220132	220168	36
211290	211458	168
93874	93889	15
115676	115742	66
145310	145343	33
145363	145372	9
75824	75848	24
181447	181486	39
117017	117119	102
139860	139866	6
184366	184396	30
196603	196663	60
206725	206737	12
138618	138654	36
47328	47448	120
60797	60833	36
90325	90388	63
223322	223415	93
153477	153504	27
195082	195094	12
108981	108993	12
136547	136670	123
81281	81317	36
79131	79170	39
5431	5458	27
89364	89403	39
223	229	6
25215	25233	18
7797	7806	9
136297	136363	66
61010	61259	249
225549	225573	24
183562	183646	84
64077	64212	135
149620	149647	27
69211	69268	57
131604	131625	21
202923	202962	39
132653	132704	51
33456	33558	102
203499	203559	60
83953	83971	18
97635	97683	48
85031	85061	30
68988	69054	66
46650	46689	39
167480	167486	6
163535	163571	36
120880	120922	42
207605	207779	174
197014	197053	39
51888	51927	39
135955	136000	45
152929	152938	9
47884	47917	33
109664	109736	72
176014	176035	21
174371	174446	75
2636	2645	9
220501	220591	90
41601	41787	186
162614	162644	30
31214	31232	18
178542	178557	15
225283	225298	15
210551	210563	12
128922	129054	132
20051	20087	36
54943	54958	15
157746	157770	24
203241	203280	39
116795	116810	15
23129	23195	66
218973	219072	99
74190	74232	42
210866	210923	57
7607	7616	9
32879	32915	36
214886	215039	153
101293	101311	18
176917	177070	153
39724	39832	108
172755	172794	39
208570	208600	30
29790	29817	27
12917	12932	15
110783	110840	57
183432	183480	48
34353	34374	21
215255	215345	90
134251	134275	24
205284	205290	6
34313	34331	18
129999	130017	18
11164	11191	27
35525	35537	12
137402	137438	36
144385	144451	66
75679	75739	60
70674	70701	27
23598	23682	84
51783	51819	36
135407	135473	66
15575	15599	24
226765	226867	102
105512	105536	24
96424	96430	6
80310	80316	6
190012	190150	138
55261	55522	261
178810	178858	48
166095	166140	45
167582	167600	18
29350	29356	6
116981	116990	9
82912	82918	6
191482	191491	9

