start pos	end pos	length
58017	58032	15
75758	75788	30
30042	30057	15
129294	129315	21
158830	158878	48
7652	7664	12
205824	205857	33
9796	9808	12
130330	130348	18
10374	10461	87
216393	216402	9
111785	111953	168
182732	182786	54
143124	143199	75
58608	58674	66
158576	158627	51
60091	60124	33
98026	98071	45
40457	40463	6
222083	222092	9
44632	44662	30
144118	144130	12
88907	88940	33
82787	82826	39
54378	54387	9
46039	46063	24
104234	104252	18
60564	60588	24
99242	99332	90
48888	48918	30
180121	180145	24
118895	118907	12
46499	46538	39
127494	127521	27
217559	217598	39
213218	213227	9
105911	105932	21
67601	67640	39
16115	16163	48
105946	106057	111
129680	129806	126
108063	108072	9
203311	203317	6
183441	183639	198
108727	108832	105
130038	130107	69
90621	90639	18
123623	123662	39
142423	142486	63
166056	166086	30
169218	169233	15
28496	28550	54
194353	194410	57
144303	144396	93
60504	60543	39
216971	217031	60
156684	156702	18
219804	219819	15
39196	39235	39
9548	9560	12
110504	110540	36
136313	136484	171
52752	52767	15
184732	184774	42
117896	117956	60
138175	138214	39
119125	119152	27
4097	4160	63
178329	178353	24
70224	70341	117
86901	86952	51
82287	82326	39
70635	70674	39
18821	18833	12
180174	180222	48
224847	224937	90
56116	56131	15
159167	159200	33
215807	215819	12
3311	3335	24
194875	194986	111
159842	159884	42
137087	137105	18
224741	224777	36
222074	222083	9
108127	108133	6
135684	135702	18
200180	200201	21
105320	105470	150
52306	52318	12
210101	210149	48
66079	66106	27
110909	110948	39
219285	219291	6
163743	163767	24
188847	188856	9
161669	161690	21
55575	55671	96
6457	6568	111
151892	152126	234
198050	198062	12
62974	62989	15
122799	122850	51
69641	69674	33
74443	74449	6
113096	113111	15
209952	209970	18
14530	14671	141
74836	74869	33
186571	186598	27
169475	169631	156
191321	191330	9
178961	178967	6
177689	177743	54
44339	44363	24
93084	93138	54
30082	30160	78
27364	27400	36
146943	147030	87
66498	66516	18
112048	112102	54
48856	48880	24
117120	117156	36
19630	19642	12
217861	217933	72
132103	132151	48
105887	105896	9
207924	207930	6
177784	177793	9
188281	188299	18
156727	156811	84
70088	70109	21
187982	187997	15
222195	222231	36
46353	46473	120
84875	84881	6
133475	133499	24
207280	207331	51
193026	193044	18
186870	186876	6
208749	208794	45
42358	42376	18
177354	177435	81
142059	142341	282
211681	211693	12
208898	208928	30
202259	202418	159
73579	73633	54
31656	31710	54
102445	102478	33
72588	72639	51
166438	166447	9
156817	156979	162
37646	37685	39
29748	29823	75
6628	6640	12
197841	197856	15
226340	226376	36
94034	94052	18
7689	7701	12
97312	97321	9
95113	95215	102
143384	143498	114
136257	136308	51
182072	182117	45
227980	228016	36
184254	184314	60
19141	19159	18
43873	43879	6
111312	111369	57
129247	129277	30
161333	161342	9
30779	30824	45
6125	6155	30
82686	82701	15
187938	187965	27
166281	166299	18
165217	165283	66
161644	161665	21
133997	134051	54
130195	130246	51
113045	113072	27
2326	2386	60
190880	190901	21
157922	157931	9
205395	205410	15
128972	128990	18
54691	54781	90
114866	114914	48
197807	197840	33
163779	163905	126
70379	70406	27
56786	56837	51
57666	57711	45
155847	155883	36
81808	81844	36
148177	148192	15
7123	7150	27
131466	131583	117
185770	185884	114
91369	91405	36
162060	162117	57
38138	38153	15
126764	126824	60
101555	101687	132
215831	215861	30
41551	41563	12
17783	17804	21
58386	58443	57
130365	130386	21
86476	86506	30
89944	89992	48
108101	108116	15
21666	21681	15
197517	197544	27
22674	22737	63
180420	180459	39
162878	162893	15
209113	209131	18
227855	227897	42
192877	192901	24
224312	224321	9
177225	177246	21
195670	195763	93
221251	221317	66
99214	99232	18
36757	36835	78
154829	154868	39
19832	19865	33
86047	86059	12
93512	93536	24
227091	227127	36
201660	201669	9
172529	172772	243
127135	127252	117
30534	30555	21
3506	3518	12
188129	188171	42
48331	48340	9
132874	132901	27
99779	99800	21
13353	13371	18
204416	204425	9
80687	80732	45
6815	6941	126
141153	141195	42
30363	30456	93
45172	45211	39
134365	134407	42
31914	31932	18
81327	81360	33
59598	59646	48
45019	45025	6
206034	206091	57
155346	155517	171
217415	217517	102
75869	75920	51
72828	72855	27
209044	209095	51
181210	181246	36
203725	203743	18
122495	122663	168
58329	58344	15
221062	221074	12
107095	107104	9
59872	59971	99
63008	63083	75
52232	52289	57
154286	154340	54
45106	45145	39
187190	187223	33
170750	170810	60
34321	34372	51
425	488	63
65524	65539	15
64241	64367	126
125712	125745	33
52592	52718	126
154671	154719	48
12841	13003	162
45920	45929	9
27088	27100	12
94765	94873	108
92641	92647	6
7329	7341	12
157071	157077	6
95917	96031	114
219844	219919	75
163063	163081	18
161026	161032	6
163992	164094	102
200000	200015	15
133794	133827	33
90456	90462	6
73680	73686	6
85835	85859	24
27421	27481	60
201082	201088	6
183790	183820	30
22403	22415	12
124612	124699	87
223393	223462	69
167420	167537	117
159927	160014	87
136501	136531	30
9744	9783	39
188642	188660	18
127896	128007	111
17350	17392	42
216234	216249	15
68582	68621	39
4609	4654	45
170709	170724	15
99487	99568	81
154449	154527	78
50648	50675	27
182537	182585	48
212026	212062	36
79208	79223	15
160565	160574	9
62534	62540	6
212582	212588	6
140265	140373	108
97030	97135	105
161072	161249	177
94078	94192	114
102964	102979	15
6796	6811	15
15209	15254	45
6989	7001	12
125397	125472	75
114967	115066	99
184561	184663	102
127037	127103	66
156428	156437	9
104299	104419	120
167318	167420	102
219486	219582	96
58307	58325	18
83717	83738	21
201615	201621	6
62324	62405	81
82383	82512	129
45844	45853	9
159237	159354	117
76220	76229	9
27733	27742	9
172942	172960	18
42788	42833	45
153651	153690	39
116107	116206	99
145985	146054	69
146132	146141	9
42974	42983	9
198329	198350	21
47699	47807	108
214776	214842	66
128999	129011	12
6024	6072	48
29082	29244	162
56080	56113	33
24085	24097	12
12090	12102	12
190980	191019	39
148056	148074	18
10234	10240	6
173296	173371	75
181403	181409	6
65267	65420	153
186185	186236	51
225849	225927	78
151791	151842	51
123209	123353	144
170095	170134	39
117075	117102	27
167825	167858	33
158438	158510	72
134526	134559	33
102804	102819	15
21756	21771	15
158019	158040	21
33932	33989	57
99608	99638	30
199957	199999	42
62457	62466	9
47917	47989	72
86970	87009	39
198799	198988	189
145279	145285	6
96699	96738	39
194678	194717	39
164447	164582	135
181903	181996	93
148860	148890	30
140941	140950	9
225602	225623	21
87372	87576	204
163560	163569	9
89859	89886	27
194231	194267	36
68925	68958	33
28265	28298	33
228977	229076	99
129346	129430	84
118327	118333	6
12122	12176	54
224551	224677	126
28051	28159	108
41575	41590	15
99927	99942	15
51241	51301	60
145331	145382	51
121997	122018	21
56592	56625	33
220495	220678	183
198462	198480	18
1789	1897	108
170269	170278	9
110644	110728	84
109900	109993	93
134976	134982	6
144062	144107	45
17722	17761	39
175651	175663	12
148116	148149	33
160355	160556	201
177181	177217	36
2984	2999	15
10110	10140	30
214391	214457	66
39297	39315	18
156593	156611	18
59375	59381	6
163677	163722	45
211235	211337	102
3780	3846	66
93184	93196	12
137322	137400	78
226208	226226	18
97183	97198	15
17089	17095	6
101410	101449	39
61870	61915	45
39839	39905	66
124789	124816	27
75095	75155	60
208238	208292	54
163103	163169	66
11149	11263	114
162416	162422	6
40500	40566	66
228089	228152	63
29466	29499	33
159784	159793	9
73694	73781	87
15941	15950	9
111377	111389	12
32149	32167	18
153280	153289	9
114301	114337	36
52060	52165	105
5551	5566	15
212496	212568	72
158548	158563	15
131836	131902	66
226125	226137	12
203882	203891	9
17918	17957	39
136884	136938	54
97815	97860	45
39114	39120	6
191706	191841	135
196568	196616	48
124217	124394	177
4566	4593	27
125119	125176	57
213417	213432	15
206006	206033	27
100337	100370	33
164651	164663	12
112690	112729	39
91543	91573	30
147753	147774	21
209382	209445	63
150556	150586	30
116461	116545	84
227656	227731	75
136226	136238	12
202177	202246	69
197548	197563	15
190497	190506	9
19712	19739	27
227239	227383	144
41754	41826	72
134081	134249	168
229663	229678	15
162202	162247	45
62658	62703	45
188863	188875	12
166867	166921	54
84987	85071	84
162742	162775	33
67363	67378	15
61179	61197	18
31453	31474	21
114712	114823	111
228850	228889	39
108437	108497	60
62707	62716	9
170573	170663	90
119829	119838	9
126520	126553	33
155065	155071	6
42320	42329	9
191424	191532	108
78243	78255	12
42418	42463	45
180254	180329	75
173771	173846	75
87153	87183	30
51332	51344	12
93240	93267	27
151325	151475	150
202431	202452	21
65759	65849	90
85247	85268	21
140132	140198	66
137788	137842	54
216605	216620	15
206468	206474	6
111548	111569	21
2038	2047	9
166464	166566	102
106124	106130	6
139060	139081	21
172441	172453	12
211352	211361	9
13680	13689	9
218080	218089	9
79432	79450	18
161401	161449	48
39752	39761	9
88175	88223	48
76912	77047	135
2867	2975	108
94252	94258	6
37845	37857	12
98805	98826	21
48598	48649	51
33885	33894	9
51974	52052	78
23220	23259	39
140510	140537	27
32499	32529	30
59227	59374	147
17617	17638	21
6206	6410	204
156217	156301	84
63760	63769	9
176496	176502	6
173061	173280	219
98498	98582	84
212963	213140	177
70210	70219	9
72879	72903	24
113763	113832	69
51600	51738	138
64889	64952	63
208953	208989	36
54289	54349	60
76777	76792	15
182307	182385	78
41654	41663	9
188773	188815	42
223472	223484	12
32203	32245	42
125774	125780	6
166784	166811	27
228778	228826	48
24606	24636	30
25554	25716	162
109430	109499	69
68904	68925	21
129014	129074	60
43315	43342	27
208580	208613	33
206739	206748	9
192397	192424	27
167540	167546	6
166003	166027	24
133861	133888	27
32976	33060	84
174097	174142	45
213941	213989	48
17432	17564	132
205862	205871	9
93279	93297	18
229110	229152	42
162915	162966	51
122362	122371	9
228629	228647	18
126348	126363	15
115321	115342	21
37516	37525	9
115454	115496	42
62571	62646	75
109559	109580	21
146544	146595	51
190206	190227	21
179762	179921	159
62728	62776	48
213464	213530	66
159814	159820	6
12356	12422	66
173555	173570	15
180036	180045	9
170339	170411	72
218874	218913	39
143879	143888	9
193527	193659	132
8394	8445	51
181388	181400	12
91719	91758	39
63621	63690	69
103653	103812	159
226720	226774	54
158764	158779	15
229976	230003	27
207342	207387	45
1015	1039	24
171917	171986	69
68416	68473	57
78825	78831	6
120184	120295	111
50878	50896	18
180488	180494	6
7342	7387	45
5313	5343	30
22972	23005	33
150343	150349	6
93851	93872	21
100205	100247	42
76596	76737	141
179099	179126	27
39448	39478	30
59144	59177	33
78120	78177	57
195521	195536	15
228436	228487	51
92169	92358	189
44089	44098	9
183088	183103	15
44180	44300	120
192292	192304	12
174763	174772	9
105240	105270	30
41681	41717	36
201492	201537	45
206812	206893	81
102639	102681	42
129814	129829	15
81244	81256	12
137219	137288	69
84076	84082	6
157132	157174	42
120985	120994	9
15859	15868	9
72945	72954	9
104709	104817	108
61397	61490	93
170985	170994	9
110963	111023	60
149342	149423	81
160700	160730	30
32906	32945	39
32251	32299	48
181785	181812	27
14314	14323	9
64973	65012	39
181686	181761	75
213693	213747	54
46243	46285	42
183231	183273	42
7009	7051	42
86179	86209	30
213640	213685	45
71054	71219	165
74271	74382	111
88042	88081	39
180536	180623	87
190507	190657	150
132434	132533	99
156094	156115	21
176862	176991	129
172264	172279	15
84790	84829	39
65889	66075	186
224788	224821	33
30175	30241	66
227774	227786	12
216866	216929	63
86276	86297	21
23310	23334	24
74968	75013	45
101827	101842	15
182790	182874	84
105470	105662	192
162507	162603	96
66650	66683	33
162303	162312	9
126451	126499	48
55694	55724	30
72719	72785	66
132749	132779	30
80059	80197	138
132787	132829	42
215792	215804	12
160206	160272	66
11510	11519	9
203674	203701	27
10752	10785	33
74182	74230	48
152704	152749	45
59745	59817	72
149795	149927	132
40580	40586	6
80205	80211	6
113944	114010	66
96770	96809	39
94057	94075	18
193876	193882	6
31056	31104	48
168914	168986	72
155606	155636	30
205565	205799	234
13244	13268	24
145430	145436	6
201434	201443	9
49692	49722	30
13175	13187	12
217319	217361	42
83824	83857	33
204256	204310	54
77585	77606	21
60349	60379	30
175869	175884	15
83033	83048	15
44122	44161	39
63374	63440	66
208443	208485	42
24432	24438	6
65555	65606	51
84135	84180	45
39680	39740	60
223691	223739	48
208420	208432	12
42549	42600	51
227793	227817	24
35707	35767	60
175503	175614	111
81447	81453	6
179956	179968	12
98830	98854	24
229165	229237	72
183843	183951	108
186917	187004	87
204133	204163	30
157871	157907	36
220176	220248	72
154369	154375	6
117842	117884	42
193898	193964	66
174182	174314	132
26156	26222	66
50997	51033	36
71897	71936	39
70975	70987	12
110849	110876	27
229648	229657	9
135438	135501	63
26076	26148	72
50045	50096	51
75936	75942	6
40656	40683	27
113406	113571	165
215664	215736	72
157941	158004	63
28901	28964	63
115209	115218	9
161257	161305	48
125280	125286	6
93198	93231	33
200861	200969	108
86342	86378	36
153573	153588	15
159625	159733	108
15162	15171	9
3593	3614	21
150699	150720	21
120857	120911	54
73541	73562	21
134448	134478	30
228680	228716	36
209808	209844	36
54613	54628	15
149431	149482	51
20970	21108	138
55848	55854	6
84577	84610	33
109235	109244	9
163252	163330	78
128555	128621	66
133151	133229	78
28334	28367	33
109322	109382	60
153944	153953	9
15738	15747	9
149637	149658	21
111027	111057	30
191892	192135	243
146663	146702	39
214138	214270	132
63795	63813	18
175054	175078	24
224704	224725	21
59035	59134	99
93657	93687	30
229467	229557	90
65505	65511	6
178381	178396	15
69261	69324	63
91420	91450	30
25517	25553	36
190907	190979	72
178229	178274	45
178058	178166	108
35453	35492	39
17023	17032	9
80951	81071	120
57090	57117	27
151264	151288	24
139901	139931	30
195634	195652	18
167740	167776	36
135117	135144	27
208540	208579	39
115746	115764	18
157316	157376	60
29360	29390	30
145120	145204	84
54225	54285	60
75063	75087	24
218232	218325	93
194996	195056	60
39617	39641	24
114198	114276	78
91609	91711	102
57589	57604	15
75271	75325	54
66707	66830	123
1490	1508	18
228175	228286	111
131144	131168	24
210571	210625	54
108235	108280	45
147558	147573	15
137888	137903	15
72350	72362	12
4199	4238	39
123071	123077	6
119945	119960	15
47820	47829	9
77748	77853	105
223942	223984	42
89473	89488	15
115545	115596	51
8513	8612	99
165017	165164	147
215163	215211	48
223061	223106	45
196760	196835	75
134258	134297	39
102396	102420	24
212328	212349	21
136951	137035	84
61604	61667	63
207791	207803	12
164107	164272	165
51810	51837	27
41126	41159	33
44960	44966	6
110793	110799	6
55301	55370	69
139804	139828	24
138423	138450	27
123100	123112	12
55440	55458	18
15399	15438	39
86458	86467	9
190401	190413	12
76423	76465	42
201673	201694	21
169401	169422	21
146597	146648	51
108985	109024	39
122302	122353	51
108624	108678	54
97891	97975	84
180347	180407	60
154808	154823	15
49122	49155	33
45361	45427	66
161509	161536	27
106353	106365	12
18882	18963	81
17643	17694	51
3488	3497	9
19677	19683	6
185365	185512	147
202752	202767	15
93727	93742	15
39510	39534	24
831	936	105
98177	98387	210
153966	154044	78
71604	71700	96
95453	95468	15
84909	84930	21
197141	197225	84
60721	60760	39
227506	227635	129
142693	142864	171
226396	226405	9
53368	53401	33
62468	62525	57
139556	139610	54
70880	70910	30
200373	200499	126
28557	28614	57
37924	37960	36
62830	62869	39
5868	5901	33
189018	189036	18
51199	51205	6
186328	186358	30
45263	45302	39
31188	31278	90
203551	203656	105
32335	32392	57
228325	228376	51
102259	102277	18
49516	49531	15
70117	70129	12
8934	8967	33
43266	43278	12
93692	93704	12
147439	147445	6
166930	166942	12
169988	170081	93
83191	83209	18
144971	145091	120
126157	126208	51
20100	20157	57
37718	37772	54
160887	161013	126
15041	15062	21
107285	107414	129
175677	175737	60
21167	21179	12
177440	177470	30
165299	165305	6
22119	22128	9
37024	37033	9
57434	57449	15
119208	119262	54
76152	76182	30
7058	7088	30
229404	229458	54
190677	190734	57
134585	134591	6
94481	94535	54
220082	220145	63
172145	172154	9
15917	15941	24
68141	68177	36
101218	101233	15
149093	149183	90
196951	196957	6
111650	111665	15
44379	44466	87
36131	36155	24
81415	81427	12
28185	28239	54
18009	18021	12
29838	29943	105
209623	209695	72
73159	73324	165
31718	31748	30
189183	189201	18
184184	184214	30
159107	159158	51
156157	156205	48
147462	147522	60
116590	116620	30
81650	81734	84
121367	121508	141
117981	118110	129
215399	215429	30
21690	21726	36
189277	189283	6
35841	35865	24
113345	113381	36
243	357	114
107440	107470	30
154148	154190	42
53191	53203	12
150262	150304	42
179490	179622	132
14014	14056	42
199076	199202	126
196968	197034	66
147168	147276	108
125296	125359	63
48036	48069	33
60778	60835	57
77705	77717	12
217657	217687	30
206668	206698	30
188608	188632	24
80774	80780	6
100561	100585	24
165527	165632	105
86513	86648	135
47877	47883	6
58135	58171	36
73342	73426	84
78517	78625	108
41860	41878	18
33317	33335	18
195064	195124	60
9411	9432	21
61279	61291	12
56876	57071	195
128344	128365	21
102555	102567	12
210502	210511	9
42529	42535	6
60635	60686	51
112241	112265	24
93925	93970	45
77545	77584	39
221000	221057	57
107744	107792	48
180636	180669	33
178798	178942	144
222600	222648	48
133277	133286	9
106684	106744	60
40699	40735	36
104031	104088	57
3081	3141	60
136638	136731	93
77894	77924	30
40758	40839	81
140838	140868	30
100649	100664	15
210685	210724	39
192323	192341	18
40036	40084	48
22573	22588	15
22142	22244	102
150078	150096	18
87716	87845	129
190031	190118	87
187585	187654	69
55009	55108	99
54151	54214	63
217968	218037	69
164370	164439	69
220288	220300	12
139214	139274	60
59542	59569	27
178681	178789	108
131418	131427	9
128380	128458	78
7163	7226	63
175946	175973	27
199207	199213	6
175140	175152	12
43154	43202	48
34010	34049	39
29308	29335	27
175014	175029	15
218198	218222	24
104978	104987	9
154390	154417	27
198730	198772	42
32411	32426	15
56402	56480	78
160870	160885	15
74686	74710	24
222487	222514	27
202506	202530	24
1276	1297	21
142945	143023	78
141094	141103	9
221556	221562	6
217242	217293	51
221609	221639	30
22799	22832	33
142511	142691	180
139329	139371	42
96196	96208	12
55894	55948	54
89412	89421	9
47341	47443	102
31944	32016	72
121562	121583	21
188452	188578	126
31358	31382	24
221321	221399	78
172968	173022	54
38977	39094	117
225937	226039	102
220684	220741	57
5608	5659	51
217731	217818	87
1351	1372	21
218595	218619	24
164	182	18
119024	119111	87
196504	196546	42
23748	23934	186
2632	2668	36
67521	67551	30
165823	165874	51
33437	33497	60
59572	59584	12
106219	106267	48
62888	62906	18
159556	159577	21
67692	67773	81
197582	197657	75
28876	28888	12
57483	57516	33
92444	92450	6
45800	45830	30
217134	217155	21
43014	43134	120
55736	55778	42
128136	128184	48
37193	37211	18
194411	194459	48
24024	24045	21
10790	10853	63
115419	115449	30
29507	29603	96
77456	77513	57
133910	133922	12
132840	132873	33
12260	12287	27
35429	35447	18
103188	103206	18
53132	53138	6
132904	132916	12
144132	144168	36
97544	97550	6
221122	221173	51
199792	199798	6
108834	108924	90
16639	16660	21
71307	71328	21
149188	149218	30
125513	125606	93
11312	11369	57
169898	169913	15
96636	96642	6
50007	50022	15
210946	211042	96
184025	184046	21
95709	95742	33
151685	151724	39
95564	95582	18
5418	5550	132
81077	81233	156
85705	85711	6
145559	145571	12
213530	213620	90
13493	13595	102
80258	80270	12
99719	99764	45
3158	3164	6
37057	37192	135
212639	212669	30
123959	123971	12
145757	145784	27
216331	216346	15
190747	190768	21
11598	11613	15
84488	84533	45
198551	198572	21
167719	167725	6
80343	80424	81
186794	186824	30
124449	124473	24
198066	198084	18
48799	48805	6
19018	19036	18
220869	220881	12
7920	8025	105
89539	89581	42
226149	226188	39
89998	90220	222
49494	49503	9
73143	73152	9
168151	168157	6
48290	48299	9
125915	125930	15
30902	30974	72
192945	192984	39
58216	58297	81
131295	131304	9
171726	171753	27
57196	57211	15
187794	187836	42
119463	119490	27
45495	45549	54
59988	60030	42
47666	47693	27
223511	223562	51
65621	65627	6
211409	211460	51
38866	38926	60
218547	218568	21
218725	218788	63
110457	110466	9
167896	168019	123
131910	132048	138
22778	22784	6
16582	16600	18
123191	123206	15
131452	131461	9
174480	174492	12
175343	175355	12
14339	14345	6
146299	146350	51
24975	25011	36
128815	128860	45
177932	177956	24
62014	62206	192
208379	208385	6
189555	189570	15
107504	107513	9
69520	69562	42
89356	89407	51
177854	177887	33
215069	215075	6
37337	37382	45
130392	130407	15
195282	195333	51
77131	77137	6
78200	78236	36
200510	200558	48
226056	226119	63
150964	151225	261
53880	53895	15
78844	78871	27
187284	187326	42
199647	199695	48
111571	111649	78
16507	16540	33
23358	23523	165
113151	113277	126
215278	215326	48
21925	21979	54
81990	82134	144
196466	196478	12
64743	64785	42
194602	194653	51
88753	88813	60
92375	92438	63
61217	61271	54
179649	179685	36
221184	221205	21
31413	31425	12
223804	223822	18
208312	208327	15
129945	130023	78
76504	76570	66
140211	140262	51
1952	1979	27
94966	95011	45
115663	115690	27
215877	215931	54
144440	144449	9
162365	162401	36
181623	181632	9
101478	101523	45
162975	163002	27
178175	178217	42
146903	146921	18
188684	188738	54
176301	176325	24
56260	56269	9
219243	219267	24
168751	168766	15
99377	99395	18
128186	128213	27
85094	85127	33
112135	112144	9
143045	143069	24
164938	164983	45
83956	83962	6
89174	89225	51
92109	92118	9
201168	201219	51
30285	30312	27
67396	67513	117
28404	28482	78
98451	98460	9
35192	35276	84
99027	99075	48
11035	11062	27
88974	89085	111
15795	15852	57
76797	76812	15
19077	19125	48
221501	221537	36
108570	108606	36
16779	16875	96
107949	107955	6
190801	190840	39
118632	118893	261
58889	58916	27
46912	46933	21
140439	140484	45
33	87	54
118535	118568	33
152370	152421	51
225730	225793	63
211707	211713	6
58681	58696	15
153883	153925	42
76098	76143	45
192602	192611	9
4899	5151	252
52508	52514	6
182	215	33
9441	9516	75
119688	119706	18
203953	203965	12
131357	131372	15
30058	30073	15
128026	128092	66
2817	2835	18
226789	226807	18
224397	224427	30
166854	166866	12
191351	191393	42
15893	15899	6
229754	229958	204
135558	135612	54
160600	160627	27
212451	212466	15
19928	19958	30
87617	87635	18
69675	69690	15
220254	220284	30
182682	182718	36
223826	223886	60
64195	64207	12
196629	196722	93
212218	212260	42
43787	43871	84
163407	163467	60
41236	41257	21
141727	141781	54
200111	200141	30
45335	45344	9
96227	96380	153
97986	98010	24
53808	53814	6
205064	205139	75
55265	55295	30
97352	97451	99
138137	138173	36
100802	100907	105
37686	37707	21
196306	196360	54
66140	66161	21
32700	32811	111
138268	138283	15
49817	49844	27
218334	218541	207
144838	144886	48
205329	205374	45
88570	88594	24
106645	106672	27
203840	203864	24
34782	34833	51
206501	206537	36
19168	19276	108
42838	42880	42
71835	71853	18
102490	102520	30
222987	223005	18
153182	153224	42
181488	181503	15
10868	10886	18
127578	127608	30
92953	93016	63
191210	191321	111
117481	117526	45
175365	175392	27
24098	24371	273
102	135	33
102895	102910	15
78672	78732	60
122937	123066	129
25461	25500	39
139850	139859	9
47452	47572	120
100089	100128	39
107166	107172	6
209853	209901	48
225509	225581	72
210788	210797	9
207991	208102	111
219091	219157	66
201064	201076	12
71701	71737	36
180162	180174	12
31748	31754	6
53631	53712	81
28299	28317	18
115218	115278	60
216809	216824	15
50313	50373	60
99949	99982	33
200594	200705	111
102682	102718	36
31805	31865	60
196384	196432	48
23271	23304	33
189527	189533	6
188943	188994	51
71226	71289	63
39405	39426	21
15635	15662	27
109846	109891	45
219727	219787	60
197448	197490	42
92090	92096	6
128884	128959	75
125821	125893	72
132583	132631	48
47126	47273	147
191537	191600	63
24516	24537	21
175434	175449	15
143595	143721	126
169778	169796	18
134866	134974	108
112615	112654	39
14060	14150	90
56488	56590	102
5344	5353	9
93750	93810	60
181000	181036	36
207003	207120	117
20720	20846	126
44676	44712	36
97508	97529	21
71507	71567	60
66847	66865	18
87289	87304	15
137870	137888	18
161036	161054	18
79670	79802	132
35105	35129	24
182589	182619	30
87862	87907	45
204653	204749	96
107220	107226	6
147968	147998	30
10928	10940	12
7389	7548	159
91252	91324	72
69026	69161	135
159377	159458	81
175975	175999	24
5793	5829	36
219588	219612	24
193341	193395	54
95018	95093	75
132642	132723	81
144168	144273	105
20220	20235	15
10535	10649	114
54106	54145	39
3740	3749	9
68701	68806	105
18160	18193	33
33354	33375	21
147933	147963	30
24442	24451	9
217615	217642	27
114533	114668	135
222548	222599	51
68012	68024	12
156042	156090	48
23085	23184	99
74473	74485	12
152464	152641	177
101692	101701	9
18377	18404	27
117214	117241	27
172853	172865	12
31118	31154	36
69948	69963	15
136796	136835	39
29422	29458	36
145607	145745	138
101021	101042	21
106510	106537	27
219424	219430	6
222870	222915	45
38422	38518	96
121854	121884	30
216254	216272	18
179202	179244	42
104174	104207	33
129551	129620	69
24908	24950	42
1243	1270	27
126100	126115	15
88336	88456	120
90658	90748	90
35596	35662	66
113722	113740	18
1196	1223	27
207461	207500	39
179631	179646	15
30983	31010	27
165413	165419	6
183146	183194	48
192250	192292	42
189048	189087	39
34673	34721	48
186728	186740	12
55511	55520	9
136613	136619	6
139178	139202	24
105760	105871	111
151234	151249	15
218924	219074	150
43994	44006	12
30605	30767	162
217039	217060	21
8031	8082	51
106798	106840	42
165463	165505	42
93351	93360	9
104883	104937	54
100296	100308	12
182916	182997	81
138923	139019	96
122673	122682	9
124904	124952	48
147039	147144	105
71943	71958	15
106931	106997	66
210803	210839	36
195414	195483	69
8135	8348	213
52779	52785	6
148205	148223	18
121065	121179	114
91858	91900	42
172179	172257	78
188886	188910	24
209197	209284	87
46664	46733	69
184406	184463	57
148940	148994	54
76278	76386	108
33087	33237	150
192694	192805	111
174873	174879	6
112191	112212	21
158318	158432	114
49257	49302	45
87034	87100	66
64025	64049	24
135007	135040	33
28998	29076	78
139509	139518	9
49352	49451	99
41996	42023	27
28987	28996	9
26272	26299	27
51534	51567	33
41171	41210	39
206319	206451	132
67209	67248	39
21999	22110	111
199931	199955	24
151479	151494	15
157631	157670	39
198621	198642	21
126949	127018	69
25729	25954	225
69816	69948	132
202963	203098	135
222727	222760	33
162456	162465	9
3441	3456	15
137590	137656	66
79262	79277	15
159507	159525	18
65102	65228	126
79811	80018	207
165308	165371	63
80500	80593	93
228932	228938	6
124160	124211	51
10307	10313	6
69564	69588	24
133928	133934	6
78961	79123	162
177625	177634	9
12615	12627	12
55116	55155	39
77633	77651	18
156674	156683	9
164724	164907	183
188316	188364	48
9281	9341	60
123849	123855	6
190316	190385	69
186280	186301	21
198667	198730	63
211465	211489	24
87975	87993	18
106279	106297	18
121783	121813	30
86662	86668	6
200747	200777	30
5180	5192	12
141436	141631	195
204495	204501	6
56139	56253	114
102820	102841	21
116643	116661	18
68332	68341	9
210197	210227	30
60841	60856	15
7765	7777	12
74627	74657	30
219984	220029	45
100600	100627	27
178441	178450	9
195914	195965	51
82539	82578	39
195387	195393	6
2542	2581	39
165677	165773	96
8713	8725	12
189741	189780	39
72366	72432	66
105048	105126	78
186080	186095	15
193125	193308	183
131033	131087	54
139995	140055	60
197898	197946	48
25019	25037	18
55161	55221	60
228500	228521	21
99127	99154	27
15279	15372	93
58495	58576	81
78276	78348	72
174374	174389	15
125751	125769	18
67919	67994	75
79343	79418	75
139436	139448	12
224481	224487	6
194799	194853	54
109103	109127	24
147345	147399	54
75021	75045	24
191188	191194	6
43929	43971	42
126717	126759	42
64067	64112	45
127412	127424	12
124512	124539	27
14990	14999	9
48730	48757	27
173970	174069	99
61728	61869	141
170869	170926	57
61507	61543	36
160163	160196	33
103215	103305	90
221644	221701	57
185966	185975	9
27815	27914	99
106764	106770	6
63944	63953	9
122227	122245	18
220434	220476	42
136049	136211	162
127801	127861	60
112004	112043	39
64387	64405	18
198206	198284	78
96866	97010	144
14687	14711	24
223285	223384	99
5366	5384	18
166315	166375	60
185891	185945	54
27179	27206	27
177978	177987	9
114136	114145	9
187236	187284	48
72979	73114	135
139723	139792	69
215510	215567	57
55482	55503	21
68808	68847	39
85434	85614	180
36493	36499	6
134493	134511	18
93415	93427	12
172128	172134	6
176680	176755	75
216727	216808	81
133634	133643	9
184484	184499	15
26524	26548	24
169325	169367	42
202570	202627	57
69387	69507	120
176567	176603	36
216462	216576	114
138005	138017	12
87120	87126	6
121287	121293	6
78005	78011	6
137844	137859	15
177806	177842	36
109281	109299	18
60941	61058	117
214883	214940	57
86808	86895	87
222304	222334	30
36268	36325	57
137132	137156	24
51365	51440	75
40936	40990	54
116337	116400	63
132337	132352	15
22282	22345	63
95771	95852	81
96065	96113	48
86743	86782	39
56271	56397	126
26647	26989	342
167152	167182	30
138793	138856	63
124736	124757	21
204577	204598	21
146932	146938	6
51059	51080	21
135338	135404	66
127105	127126	21
132192	132198	6
166976	167054	78
11067	11100	33
90810	90993	183
154886	154931	45
82206	82248	42
68510	68516	6
168531	168567	36
211630	211642	12
16460	16469	9
3220	3277	57
122025	122106	81
140570	140618	48
107043	107052	9
103863	104016	153
153698	153833	135
119891	119945	54
125784	125817	33
149696	149753	57
53450	53531	81
60232	60265	33
196174	196258	84
168572	168584	12
63120	63132	12
103548	103587	39
106365	106455	90
179178	179199	21
43468	43543	75
195139	195151	12
133289	133358	69
49919	49940	21
101907	101928	21
8821	8851	30
5937	6024	87
33376	33412	36
139450	139486	36
25958	26060	102
181067	181139	72
152262	152283	21
92889	92910	21
75690	75750	60
150798	150843	45
107587	107626	39
160789	160834	45
80274	80322	48
43608	43695	87
213287	213398	111
66280	66307	27
72228	72318	90
199260	199290	30
127479	127488	9
145212	145269	57
185525	185669	144
207558	207732	174
15490	15574	84
102100	102127	27
55239	55254	15
44783	44831	48
1073	1115	42
112285	112387	102
200347	200365	18
127324	127393	69
44939	44957	18
185137	185335	198
42602	42608	6
180729	180798	69
172017	172026	9
175884	175911	27
22356	22374	18
12457	12592	135
153058	153076	18
138686	138752	66
180886	180937	51
21338	21455	117
203936	203948	12
44891	44930	39
6763	6793	30
11694	11700	6
117254	117305	51
157431	157446	15
187443	187503	60
150353	150392	39
2147	2225	78
3621	3645	24
86307	86340	33
130153	130186	33
89661	89667	6
206916	206982	66
221410	221461	51
130419	130698	279
40237	40282	45
177306	177312	6
109608	109806	198
38248	38362	114
125987	126098	111
54402	54477	75
9895	9964	69
17216	17246	30
202842	202929	87
115497	115527	30
54822	54864	42
51936	51948	12
197306	197417	111
63972	64005	33
46825	46876	51
135803	135992	189
28705	28873	168
119318	119330	12
53246	53252	6
32438	32453	15
187042	187084	42
167222	167231	9
58703	58802	99
79541	79628	87
146376	146406	30
137526	137583	57
129912	129924	12
125188	125203	15
53762	53777	15
12674	12686	12
137946	138000	54
132535	132568	33
147145	147154	9
204027	204120	93
85860	85971	111
74009	74114	105
61565	61604	39
192614	192635	21
130895	130913	18
41016	41055	39
199552	199576	24
129520	129529	9
157093	157114	21
83754	83790	36
25296	25368	72
203751	203757	6
22463	22526	63
161691	161775	84
123467	123551	84
131608	131791	183
13996	14005	9
154204	154282	78
90491	90542	51
39775	39802	27
181774	181783	9
29663	29732	69
73963	73969	6
156438	156528	90
224937	225159	222
19347	19353	6
177010	177034	24
168303	168408	105
130726	130759	33
114045	114057	12
9562	9595	33
34592	34598	6
83419	83431	12
111405	111444	39
106780	106786	6
210032	210095	63
71379	71391	12
183360	183423	63
84948	84963	15
155922	155928	6
153456	153465	9
100951	101020	69
119555	119561	6
11799	11853	54
181250	181337	87
180830	180872	42
106888	106894	6
219307	219421	114
70762	70780	18
130782	130845	63
116756	116765	9
134344	134350	6
54510	54603	93
210908	210941	33
9170	9239	69
191849	191858	9
15675	15681	6
224322	224331	9
168819	168840	21
195182	195227	45
224380	224389	9
152830	153043	213
111090	111174	84
66185	66200	15
23561	23666	105
101732	101786	54
106558	106645	87
178529	178592	63
99118	99124	6
187223	187235	12
138450	138588	138
110737	110776	39
151746	151752	6
5265	5280	15
215044	215068	24
4437	4521	84
19501	19552	51
189104	189155	51
81266	81305	39
121517	121529	12
217397	217409	12
90319	90439	120
104271	104286	15
42284	42293	9
2693	2807	114
48153	48186	33
115110	115137	27
168475	168502	27
67091	67199	108
159600	159621	21
73883	73922	39
135062	135098	36
20342	20411	69
4705	4870	165
148513	148570	57
41424	41511	87
40429	40453	24
132354	132432	78
32546	32597	51
206645	206654	9
70719	70749	30
157221	157287	66
213751	213793	42
14803	14902	99
223889	223898	9
66568	66646	78
10972	10984	12
176824	176845	21
194155	194179	24
155574	155583	9
76824	76866	42
181344	181374	30
15990	16065	75
47592	47646	54
9620	9626	6
215999	216083	84
125001	125103	102
207233	207245	12
34382	34427	45
174594	174615	21
11737	11788	51
215138	215144	6
16897	16957	60
194758	194794	36
11398	11461	63
12776	12788	12
81893	81947	54
176390	176462	72
94672	94681	9
1635	1680	45
35870	36077	207
46616	46661	45
171020	171047	27
214644	214713	69
17881	17917	36
113280	113319	39
117010	117073	63
46553	46562	9
224189	224222	33
52354	52405	51
78436	78442	6
18840	18846	6
211108	211117	9
101053	101062	9
36605	36692	87
148575	148647	72
180076	180088	12
43215	43239	24
169104	169113	9
170499	170511	12
154979	155015	36
64112	64136	24
217099	217132	33
101715	101730	15
50415	50631	216
139108	139165	57
222142	222193	51
222340	222370	30
97794	97806	12
208396	208420	24
20500	20533	33
143977	143992	15
5725	5770	45
120707	120740	33
158986	159028	42
225806	225839	33
91065	91212	147
10025	10052	27
18691	18772	81
118373	118454	81
64487	64685	198
145441	145489	48
192533	192596	63
208173	208179	6
144478	144487	9
207169	207175	6
139670	139712	42
187879	187909	30
153483	153573	90
68303	68318	15
18472	18685	213
195251	195260	9
33843	33864	21
66981	67089	108
116699	116711	12
182195	182249	54
188754	188763	9
204871	205024	153
227420	227462	42
129079	129115	36
27591	27633	42
13843	13966	123
23041	23074	33
99413	99434	21
16692	16698	6
69339	69378	39
4348	4435	87
96549	96615	66
68395	68404	9
110053	110194	141
92602	92632	30
20554	20566	12
194000	194105	105
16667	16685	18
72001	72025	24
65862	65883	21
146761	146866	105
21180	21249	69
227741	227750	9
175756	175762	6
94535	94664	129
123117	123180	63
94371	94380	9
145896	145929	33
156578	156584	6
68355	68370	15
50929	50974	45
70038	70068	30
112480	112561	81
41947	41983	36
166599	166626	27
135159	135237	78
23938	23953	15
161949	162042	93
77256	77310	54
120526	120664	138
186097	186160	63
92737	92764	27
41291	41423	132
107127	107133	6
77174	77180	6
210300	210399	99
99155	99209	54
223761	223767	6
71439	71469	30
104648	104663	15
141204	141264	60
102289	102391	102
154091	154112	21
9995	10022	27
75467	75590	123
114351	114492	141
34950	34962	12
201093	201126	33
37796	37817	21
10206	10227	21
48837	48846	9
26370	26418	48
219694	219715	21
161481	161502	21
226838	226910	72
171809	171851	42
189947	189980	33
25151	25199	48
131244	131280	36
94000	94015	15
101368	101374	6
38181	38196	15
90596	90617	21
100378	100438	60
172459	172489	30
191024	191126	102
207817	207880	63
174625	174760	135
91926	92085	159
14767	14797	30
122371	122410	39
37482	37491	9
169654	169777	123
19754	19778	24
77187	77205	18
204751	204766	15
71768	71792	24
42463	42508	45
211572	211599	27
223117	223156	39
128365	128377	12
222397	222406	9
203185	203212	27
204310	204391	81
199702	199780	78
148329	148497	168
122184	122211	27
195896	195914	18
16601	16607	6
73519	73540	21
204210	204240	30
225252	225402	150
216937	216964	27
21465	21471	6
107834	107933	99
77216	77252	36
112834	113038	204
173458	173497	39
203138	203171	33
63170	63245	75
148736	148832	96
193455	193512	57
177089	177176	87
53924	54014	90
80851	80893	42
40188	40200	12
177993	178029	36
190167	190173	6
226536	226575	39
209474	209483	9
75248	75263	15
21780	21846	66
103466	103487	21
187550	187559	9
149543	149633	90
221706	221763	57
29283	29289	6
223998	224061	63
84326	84362	36
163619	163673	54
197857	197872	15
83364	83382	18
24654	24822	168
169291	169324	33
166734	166746	12
92451	92475	24
6734	6740	6
137157	137202	45
185004	185127	123
35041	35095	54
212762	212768	6
174412	174472	60
168796	168814	18
18226	18235	9
155132	155231	99
101936	102005	69
113612	113717	105
96437	96533	96
95226	95286	60
118124	118145	21
184070	184172	102
223207	223282	75
188030	188099	69
78462	78480	18
85779	85827	48
137720	137753	33
168036	168081	45
171124	171187	63
50155	50230	75
19790	19829	39
618	675	57
142341	142368	27
21479	21659	180
147523	147538	15
50708	50852	144
141045	141054	9
11519	11534	15
208996	209017	21
117543	117648	105
98729	98777	48
205952	205973	21
72208	72214	6
151845	151881	36
9265	9280	15
34063	34231	168
52816	52870	54
129169	129178	9
57344	57410	66
16193	16337	144
1134	1182	48
222236	222266	30
100468	100513	45
86142	86151	9
53281	53320	39
153088	153109	21
170691	170706	15
39253	39295	42
182444	182516	72
206213	206318	105
146471	146501	30
199319	199364	45
57819	57885	66
122896	122920	24
209310	209340	30
49013	49064	51
201841	202132	291

