ORFlength	 absolute_frequency
276	1
90	29
3591	1
102	37
3102	1
3396	1
18	122
1218	1
522	1
4614	1
1404	1
921	2
84	34
27	96
741	1
4068	1
57	57
1866	1
231	5
1989	1
441	1
78	41
978	1
294	1
93	22
1743	1
261	3
1782	1
138	12
114	17
3009	1
153	9
15	109
81	41
4416	1
60	49
648	1
321	3
459	2
1929	1
903	1
2130	1
1248	1
204	8
1908	1
165	9
198	5
129	15
2565	1
1392	1
1482	1
186	9
708	1
1281	1
1110	1
2280	1
147	7
333	1
228	3
273	2
249	3
168	7
465	1
2142	1
1503	1
135	13
69	34
1878	1
1509	1
24	106
2352	1
1308	1
234	5
282	1
1374	1
96	31
126	18
747	1
159	16
426	2
486	1
279	1
2643	1
2283	1
498	1
216	4
357	3
810	1
117	17
270	1
195	6
33	81
1587	1
660	1
21	135
63	41
288	1
336	1
2064	1
180	2
99	27
72	35
162	8
3969	1
780	1
255	4
297	1
1200	1
240	1
786	1
108	19
201	12
1212	1
414	1
477	1
423	1
4071	1
1620	1
189	4
225	2
207	3
330	1
48	82
438	2
87	23
4308	1
174	4
513	1
123	17
1194	1
39	71
210	3
12	138
258	3
897	1
66	48
45	64
54	52
1002	1
237	1
306	2
549	1
309	1
402	2
2514	1
375	1
144	8
30	105
141	13
300	1
222	5
252	1
120	18
75	39
156	3
804	1
870	1
192	10
381	3
177	5
3144	1
2358	1
1323	1
150	14
3825	1
387	1
2925	1
543	1
267	4
42	78
363	2
354	1
219	5
318	1
105	19
6	170
36	99
183	5
213	6
597	2
51	60
9	141
111	24
1869	1
975	1
132	18
1254	1
171	7
705	1
3567	1

