start pos	end pos	length
8040	8073	33
68055	68061	6
25113	25317	204
142688	142721	33
167873	167990	117
8482	8512	30
8349	8454	105
220698	220719	21
66059	66065	6
6361	6397	36
182474	182489	15
7608	7668	60
211491	211500	9
210043	210067	24
178894	178951	57
39081	39132	51
12637	12649	12
161231	161345	114
52116	52212	96
35653	35668	15
5499	5520	21
158042	158093	51
96203	96233	30
158380	158458	78
172598	172622	24
114220	114259	39
58169	58229	60
180423	180456	33
10790	10838	48
3752	3839	87
220917	221154	237
160529	160535	6
82705	83227	522
217564	217579	15
161191	161197	6
23542	23656	114
167499	167508	9
164008	164146	138
112832	112883	51
106425	106521	96
58616	58676	60
97812	97830	18
70936	70960	24
16840	16846	6
1162	1189	27
55846	55864	18
118403	118448	45
18129	18150	21
213478	213562	84
17587	17788	201
202740	202842	102
180487	180565	78
200301	200325	24
55916	55934	18
35036	35186	150
102867	103086	219
22308	22350	42
105036	105093	57
181709	181715	6
70066	70147	81
179684	179711	27
8151	8310	159
83464	83506	42
68976	68994	18
66124	66160	36
202210	202228	18
166623	166755	132
178493	178577	84
189564	189570	6
164564	164609	45
150745	150763	18
42904	42928	24
112509	112518	9
4602	4611	9
174533	174761	228
71501	71591	90
94531	94537	6
196281	196296	15
69573	69594	21
4423	4495	72
8791	8824	33
160470	160527	57
202470	202488	18
208561	208663	102
52882	52903	21
124610	124622	12
71785	73288	1503
52339	52348	9
55029	55059	30
20778	20820	42
14381	14387	6
66289	66322	33
224038	224050	12
112118	112136	18
171777	171804	27
198195	198219	24
140715	140892	177
131702	131723	21
15912	15939	27
158738	158786	48
155004	156285	1281
212878	213043	165
203282	203345	63
12685	12697	12
56910	56916	6
20972	20999	27
107331	107409	78
87807	87939	132
29865	29937	72
174869	175019	150
189716	189764	48
134401	134431	30
175292	175343	51
43988	44015	27
151807	151813	6
26733	27159	426
102670	102718	48
18225	18231	6
189208	189220	12
165940	166012	72
227048	227165	117
60703	60712	9
105908	105914	6
103366	103411	45
119070	119106	36
1356	1374	18
163033	163114	81
99604	99625	21
219731	219749	18
36355	36373	18
96697	96709	12
25923	26049	126
37359	37368	9
164414	164447	33
126829	126853	24
202110	202155	45
201819	201849	30
182685	182745	60
165147	165177	30
82179	82254	75
124364	124412	48
209782	209845	63
57365	57437	72
27174	27306	132
208221	208374	153
222897	222906	9
208075	208135	60
157288	157318	30
120224	124295	4071
29655	29724	69
227186	227195	9
57449	57482	33
92899	94486	1587
67497	67668	171
85922	85964	42
222405	222891	486
139063	139174	111
43034	43178	144
151934	151958	24
60471	60684	213
166481	166547	66
188443	188470	27
30181	30196	15
95530	95644	114
163482	163494	12
58568	58610	42
214686	214710	24
134821	134893	72
1622	1682	60
25419	25443	24
217032	217053	21
183281	183290	9
13830	13866	36
165839	165851	12
227706	227718	12
229752	229803	51
189600	189714	114
171076	171160	84
199458	199539	81
96626	96650	24
89065	89077	12
218416	218464	48
66932	67151	219
200704	200722	18
55230	55266	36
73356	73392	36
104295	104307	12
103473	103512	39
17447	17483	36
23178	23235	57
199022	199028	6
176538	176613	75
99137	99248	111
134708	134744	36
3683	3704	21
13169	13205	36
148653	148710	57
106624	106663	39
70711	70765	54
106974	107073	99
23466	23505	39
200670	200703	33
81613	81778	165
52380	52500	120
15246	15282	36
71333	71396	63
24266	24281	15
11167	11254	87
22048	22069	21
213251	213338	87
80605	80689	84
163796	163805	9
198454	198460	6
149365	149392	27
183294	183324	30
57851	57878	27
216688	216694	6
137926	138019	93
107459	107465	6
5466	5472	6
107122	107167	45
98600	98702	102
213750	213771	21
138563	138569	6
196413	196458	45
164938	164956	18
76275	76305	30
43729	43891	162
30398	30440	42
225280	225331	51
39258	41901	2643
18003	18039	36
95697	95712	15
65711	65741	30
163278	163284	6
188853	188874	21
16113	16137	24
154722	154752	30
152256	153876	1620
24946	24958	12
201008	201086	78
108459	108582	123
219205	219376	171
42134	42146	12
183687	183702	15
151212	151239	27
109018	109081	63
218548	219145	597
80777	80789	12
223317	223437	120
33099	33117	18
88512	88560	48
20269	20305	36
52588	52603	15
106246	106264	18
104526	104847	321
37382	37397	15
3114	3153	39
22373	22430	57
94725	95472	747
130841	130877	36
178213	178237	24
219806	219818	12
101973	102003	30
85844	85880	36
211483	211489	6
161763	161787	24
170891	170945	54
22505	22523	18
156863	156884	21
101018	101045	27
18434	18464	30
164957	165146	189
213882	213975	93
139004	139037	33
147595	147601	6
9117	9150	33
58291	58351	60
10002	10026	24
15744	15753	9
98724	98754	30
218467	218506	39
157585	157696	111
220772	220808	36
112155	112233	78
37158	37254	96
212251	212257	6
149400	149841	441
84784	84865	81
14518	14530	12
224050	224158	108
57340	57364	24
70527	70560	33
68265	68493	228
27339	27345	6
75832	76066	234
150054	150063	9
91737	91887	150
30596	30638	42
189792	189819	27
20424	20523	99
173069	173198	129
98431	98452	21
89637	89730	93
9631	9640	9
45057	45081	24
85611	85710	99
18639	18699	60
11456	11549	93
23280	23307	27
201130	201160	30
25375	25402	27
229674	229752	78
225459	226863	1404
177659	177677	18
55613	55619	6
196492	196534	42
112101	112116	15
113865	113949	84
96304	96316	12
227224	227233	9
164300	164354	54
163757	163796	39
141072	141129	57
218042	218267	225
9795	9840	45
74878	74884	6
163297	163333	36
89541	89586	45
168040	168046	6
3930	4005	75
186737	186755	18
67986	68040	54
179864	179960	96
56699	56714	15
8849	8873	24
197565	197586	21
56057	56078	21
88379	88388	9
29075	29222	147
223911	223953	42
97787	97799	12
30440	30449	9
387	417	30
5809	5845	36
57917	57962	45
178370	178451	81
95490	95499	9
141489	141510	21
140550	140562	12
84441	84459	18
151469	151478	9
179575	179626	51
143229	143250	21
192260	192344	84
172872	172887	15
214860	214920	60
96266	96284	18
6860	6872	12
131084	131186	102
97373	97454	81
9310	9445	135
150554	150572	18
127137	127239	102
80690	80726	36
2865	2877	12
81140	81182	42
36626	36647	21
141163	141205	42
213428	213437	9
166395	166443	48
91388	91409	21
21377	21398	21
26328	26454	126
180081	180159	78
217905	217938	33
137770	137863	93
214380	214647	267
100607	100724	117
211318	211342	24
152180	152225	45
148461	148536	75
138611	138650	39
87650	87752	102
199368	199398	30
118509	118521	12
48399	48405	6
110998	111040	42
110503	110515	12
23762	23897	135
148179	148227	48
4033	4039	6
210621	210666	45
176728	176743	15
214217	214286	69
202521	202572	51
180286	180301	15
107781	108054	273
113549	113600	51
25458	25578	120
177897	177933	36
9079	9085	6
216703	216712	9
135499	135514	15
103824	104016	192
147704	147845	141
5100	5211	111
27399	27516	117
33224	33248	24
60948	61095	147
86854	86875	21
178682	178709	27
128147	128162	15
163914	163944	30
171479	171665	186
1028	1049	21
179737	179848	111
161461	161473	12
161797	161845	48
10912	10918	6
119804	119819	15
43934	43970	36
24994	25015	21
149123	149231	108
91412	91502	90
97115	97373	258
229317	229407	90
73685	73778	93
91545	91677	132
90572	90629	57
180641	180767	126
159987	160029	42
168974	169031	57
58679	58685	6
15790	15829	39
71643	71718	75
211146	211158	12
985	1000	15
30645	30675	30
175799	175814	15
105870	105903	33
215119	215137	18
87285	87438	153
27925	27931	6
113724	113793	69
229435	229462	27
44264	44378	114
70338	70434	96
209453	209462	9
66330	66357	27
168683	168698	15
141834	141888	54
118690	118774	84
99974	100067	93
186658	186667	9
86795	86825	30
223464	223485	21
9171	9273	102
55706	55790	84
28083	28089	6
60736	60751	15
9689	9737	48
216151	216178	27
10031	10052	21
130532	130541	9
118843	118867	24
24889	24901	12
30725	30773	48
176472	176481	9
172688	172790	102
90250	90301	51
212145	212229	84
23665	23740	75
136679	136685	6
45548	45587	39
181339	181354	15
88654	88750	96
166188	166260	72
18487	18598	111
48431	48458	27
97957	98005	48
92471	92495	24
199758	199764	6
124338	124359	21
150829	150841	12
9088	9112	24
27933	27954	21
138307	138391	84
16955	17009	54
124700	124733	33
158238	158247	9
11685	11796	111
128459	128468	9
82662	82668	6
21992	22004	12
189278	189314	36
209697	209739	42
28636	28642	6
151402	151459	57
124428	124461	33
30453	30537	84
66065	66074	9
35692	35809	117
112728	112797	69
156446	156470	24
137519	137609	90
169172	169184	12
168052	168073	21
41915	41978	63
33286	33352	66
101094	101163	69
19623	19692	69
184797	184824	27
26058	26319	261
55186	55222	36
118647	118665	18
151556	151592	36
1078	1084	6
61315	62563	1248
175562	175673	111
14211	14304	93
31352	31481	129
166117	166123	6
162278	162299	21
158142	158226	84
92859	92886	27
56347	56398	51
135411	135450	39
10451	10457	6
66606	66738	132
174041	174125	84
200753	200774	21
90500	90509	9
9545	9617	72
110029	110278	249
109828	110029	201
227316	227439	123
17235	17247	12
28839	28866	27
7382	7490	108
35200	35413	213
10427	10448	21
66394	66454	60
219941	219971	30
228996	229317	321
222945	222957	12
2373	2406	33
7015	7045	30
163560	163710	150
208421	208448	27
89859	89877	18
200572	200653	81
223822	223873	51
156342	156375	33
119326	119416	90
111874	111961	87
44378	44480	102
169059	169065	6
170342	170450	108
92820	92844	24
183216	183228	12
1474	1609	135
151011	151023	12
149308	149335	27
89746	89755	9
33011	33071	60
196975	197173	198
8733	8772	39
81068	81128	60
223437	223443	6
132198	134076	1878
180917	180995	78
156601	156625	24
220197	220497	300
1773	1791	18
3166	3214	48
96515	96554	39
36384	36618	234
210299	210332	33
96567	96579	12
28218	28233	15
160549	160591	42
54131	54182	51
96359	96425	66
201219	201264	45
158578	158587	9
196816	196954	138
12493	12529	36
189337	189379	42
54188	54245	57
200464	200497	33
182978	182984	6
98990	99107	117
229867	229891	24
53847	53901	54
100075	100180	105
114002	114038	36
208957	208999	42
156965	156974	9
177933	178149	216
208923	208938	15
108212	108374	162
81964	82105	141
200780	200855	75
111230	111305	75
103521	103572	51
16536	16638	102
183433	183601	168
76426	79435	3009
89256	89304	48
7065	7077	12
52260	52308	48
118544	118586	42
87459	87525	66
112664	112670	6
108664	108679	15
172921	173005	84
4566	4575	9
83884	83944	60
109192	109261	69
183359	183413	54
22643	22706	63
19550	19562	12
61138	61159	21
180168	180204	36
211523	211565	42
210136	210148	12
30844	30850	6
94544	94550	6
13549	13708	159
229827	229842	15
199566	199575	9
92638	92689	51
99283	99367	84
124648	124675	27
180858	180873	15
160057	160063	6
821	839	18
181569	181602	33
168749	168785	36
29952	30165	213
25683	25779	96
112961	113336	375
111512	111638	126
60324	60396	72
102004	102034	30
29564	29573	9
176879	176912	33
45700	45724	24
175155	175203	48
102820	102832	12
90163	90190	27
16298	16313	15
75415	75682	267
210886	210901	15
110898	110943	45
127047	127080	33
178578	178605	27
126817	126829	12
91913	92033	120
188524	188605	81
102042	102318	276
213450	213465	15
147943	148084	141
223051	223093	42
184774	184789	15
28647	28671	24
134433	134517	84
96799	96850	51
79437	79500	63
223106	223244	138
150900	150993	93
20078	20117	39
98205	98223	18
216222	216228	6
16015	16048	33
15407	15449	42
175924	175957	33
30548	30569	21
33251	33275	24
201557	201656	99
15834	15891	57
89772	89799	27
135565	135769	204
196193	196199	6
75168	75210	42
167147	167273	126
9014	9062	48
198043	198115	72
73441	73612	171
215756	215765	9
109288	109336	48
6822	6840	18
13335	13389	54
43591	43726	135
219758	219773	15
142915	142993	78
15498	15504	6
12541	12553	12
114918	118314	3396
175490	175532	42
18717	18786	69
106893	106929	36
71460	71484	24
102556	102574	18
73911	73953	42
90309	90372	63
43536	43566	30
91244	91250	6
124302	124323	21
167301	167436	135
128248	128257	9
54304	54490	186
213663	213711	48
230048	230072	24
45132	45222	90
140181	140277	96
14941	14980	39
24477	24879	402
51774	51858	84
2895	2931	36
14797	14941	144
6206	6254	48
197212	197371	159
70776	70830	54
74894	74903	9
187949	188009	60
21061	21112	51
70257	70314	57
44531	44540	9
67803	67839	36
25612	25618	6
99817	99883	66
106686	106830	144
69660	69690	30
210334	210364	30
58467	58506	39
127345	127411	66
10841	10859	18
86427	86550	123
166810	166876	66
62839	65404	2565
164247	164256	9
57517	57850	333
97613	97628	15
210159	210180	21
188665	188701	36
168402	168564	162
114040	114067	27
111327	111336	9
98269	98311	42
202881	203046	165
189835	189889	54
181607	181676	69
45389	45527	138
218310	218343	33
181225	181324	99
27688	27706	18
197757	197844	87
124878	126786	1908
19098	19152	54
52050	52056	6
25636	25657	21
28255	28303	48
200429	200453	24
216275	216479	204
215218	215341	123
188042	188153	111
76071	76236	165
224800	224878	78
174803	174860	57
186456	186495	39
87120	87171	51
164834	164846	12
201266	201275	9
164616	164667	51
70766	70775	9
176411	176453	42
166947	167022	75
85425	85437	12
3632	3644	12
198004	198019	15
36719	36785	66
189923	189986	63
17304	17361	57
151718	151745	27
43437	43449	12
134111	134144	33
30678	30708	30
81949	81964	15
178804	178876	72
16715	16733	18
4259	4349	90
74019	74823	804
53142	53160	18
715	811	96
104236	104287	51
58760	58820	60
211096	211117	21
224523	224706	183
199237	199249	12
19350	19380	30
65756	65837	81
173878	173992	114
179337	179550	213
56745	56781	36
6456	6522	66
86289	86403	114
30196	30220	24
162801	162867	66
163811	163913	102
95918	95930	12
54583	54913	330
176947	176953	6
138500	138551	51
5607	5673	66
25318	25327	9
110724	110748	24
217880	217886	6
88435	88441	6
215941	216061	120
181006	181084	78
178773	178794	21
20827	20869	42
11428	11440	12
92263	92362	99
119669	119774	105
160880	160922	42
176781	176802	21
97462	97546	84
16346	16394	48
35838	36303	465
219688	219697	9
110319	110340	21
172847	172865	18
5874	5898	24
1386	1431	45
127642	127720	78
188962	189121	159
55958	55976	18
130545	130551	6
186127	186238	111
163115	163154	39
14306	14327	21
81399	81528	129
179293	179314	21
101398	101419	21
67173	67224	51
98346	98355	9
99478	99517	39
105395	105473	78
71433	71460	27
30788	30800	12
128561	128999	438
111057	111093	36
223959	224016	57
71318	71333	15
30280	30388	108
4824	4836	12
209500	209530	30
59566	59593	27
103227	103296	69
157060	157261	201
199292	199304	12
198658	198757	99
167131	167146	15
138230	138245	15
171697	171721	24
44026	44080	54
183231	183255	24
222084	222234	150
4670	4700	30
18944	19013	69
81320	81344	24
85564	85597	33
114381	114819	438
99695	99731	36
59009	59165	156
162889	162958	69
38994	39051	57
161116	161179	63
107716	107779	63
2014	2020	6
161970	162009	39
3360	3456	96
16749	16779	30
70589	70682	93
89913	90048	135
28048	28069	21
177800	177851	51
105323	105347	24
24424	24430	6
92719	92752	33
209951	210038	87
92391	92454	63
143706	147531	3825
99405	99468	63
99541	99577	36
200499	200550	51
169374	170295	921
156714	156741	27
57082	57250	168
118936	118966	30
166895	166934	39
21292	21364	72
157348	157537	189
65531	65549	18
108861	108939	78
198235	198241	6
169201	169273	72
166272	166353	81
106875	106893	18
184593	184695	102
131525	131537	12
221712	221970	258
181979	182039	60
142771	142834	63
12733	12745	12
81802	81859	57
94588	94702	114
212343	212496	153
22182	22299	117
172039	172075	36
186718	186724	6
75292	75328	36
131842	131983	141
171915	171945	30
82118	82136	18
85073	85295	222
89186	89192	6
171187	171295	108
162104	162134	30
66889	66928	39
87765	87780	15
132097	132106	9
16815	16833	18
19203	19248	45
48563	51707	3144
215441	215549	108
164873	164897	24
69795	69852	57
143393	143435	42
127502	127520	18
13153	13162	9
160987	161011	24
166137	166185	48
11270	11402	132
59176	59239	63
187789	187816	27
28121	28130	9
81874	81904	30
166058	166115	57
65669	65708	39
129065	129179	114
196234	196261	27
11550	11649	99
95989	96034	45
200859	200946	87
170946	170985	39
59871	60093	222
90667	90769	102
186349	186415	66
42122	42131	9
111157	111214	57
96134	96146	12
197661	197685	24
172221	172230	9
143527	143608	81
53015	53111	96
185819	185846	27
175368	175476	108
178254	178266	12
175962	176154	192
56603	56615	12
177609	177657	48
199095	199170	75
188480	188522	42
177756	177762	6
84206	84329	123
29601	29628	27
150793	150817	24
138969	138996	27
28360	28426	66
69046	69505	459
139394	139424	30
226899	227028	129
196559	196595	36
183769	184477	708
129269	130487	1218
94510	94522	12
177093	177450	357
39134	39170	36
199577	199688	111
52694	52826	132
209086	209146	60
111125	111131	6
208746	208812	66
171460	171478	18
202572	202584	12
105100	105127	27
16504	16534	30
15285	15303	18
71417	71432	15
216184	216190	6
98064	98130	66
190192	192256	2064
91168	91219	51
107499	107709	210
158847	158856	9
44693	44795	102
223300	223315	15
86062	86086	24
184518	184536	18
45898	48250	2352
56124	56253	129
60121	60154	33
214977	215097	120
29797	29806	9
228967	228982	15
31566	32940	1374
213810	213840	30
89341	89422	81
2735	2819	84
97685	97721	36
229636	229660	24
55334	55433	99
136699	136735	36
103624	103720	96
172109	172220	111
88752	88800	48
94552	94576	24
215803	215860	57
68957	68975	18
174247	174340	93
150265	150283	18
163238	163253	15
130680	130818	138
104950	104998	48
105496	105601	105
4954	5047	93
108590	108641	51
151815	151905	90
156476	156497	21
158473	158527	54
154406	154439	33
37280	37310	30
148251	148362	111
75111	75162	51
176333	176387	54
42930	42936	6
54510	54579	69
98777	98978	201
127737	127815	78
163023	163029	6
105651	105675	24
101679	101700	21
200390	200402	12
5716	5776	60
65866	65893	27
159807	159903	96
173246	173396	150
139217	139292	75
188389	188407	18
179973	179994	21
26463	26589	126
197946	197982	36
16438	16462	24
65471	65498	27
229892	230033	141
44570	44621	51
108744	108849	105
202271	202319	48
132155	132176	21
147623	147662	39
164472	164526	54
168793	168934	141
53909	53915	6
198893	198905	12
66801	66882	81
208397	208415	18
215865	215892	27
118792	118834	42
12948	13152	204
19725	19965	240
189502	189562	60
182611	182668	57
27793	27895	102
3240	3288	48
142173	142269	96
196325	196388	63
100194	100200	6
67322	67421	99
152045	152126	81
153878	153902	24
173628	173718	90
79717	80587	870
101174	101183	9
135367	135403	36
2424	2628	204
177056	177065	9
225071	225119	48
91306	91384	78
140895	140979	84
210424	210529	105
119133	119256	123
202616	202715	99
159947	159965	18
75706	75829	123
127867	127906	39
151788	151797	9
212324	212330	6
83386	83398	12
127552	127606	54
215352	215367	15
214300	214360	60
161536	161611	75
135269	135275	6
32980	32986	6
103579	103600	21
105715	105820	105
73673	73685	12
22351	22372	21
181717	181909	192
35446	35566	120
5257	5272	15
208819	208888	69
15507	15585	78
17153	17183	30
58359	58449	90
53632	53734	102
182106	182376	270
171970	172009	39
110352	110481	129
138404	138467	63
213055	213100	45
10512	10593	81
192618	196185	3567
141745	141832	87
160628	160727	99
88924	88996	72
17851	17950	99
138269	138287	18
160243	160258	15
230073	230100	27
138673	138682	9
163398	163431	33
142593	142614	21
175043	175142	99
106523	106571	48
19440	19491	51
165544	165718	174
173745	173862	117
75082	75088	6
53974	54019	45
217801	217813	12
1317	1338	21
101796	101859	63
171337	171373	36
3491	3542	51
142121	142145	24
84518	84530	12
39067	39079	12
202023	202074	51
156655	156682	27
182761	182782	21
143467	143521	54
13473	13494	21
31255	31276	21
219608	219683	75
185967	186120	153
111364	111412	48
170597	170621	24
161858	161966	108
16056	16113	57
104072	104081	9
219528	219582	54
210381	210387	6
33165	33195	30
124466	124478	12
43402	43432	30
162320	162341	21
210769	210847	78
521	587	66
18233	18305	72
138889	138955	66
101442	101613	171
215154	215193	39
22992	23013	21
92096	92168	72
141394	141451	57
53180	53315	135
188785	188845	60
70209	70236	27
871	973	102
31055	31088	33
160599	160620	21
16849	16921	72
83303	83378	75
177530	177563	33
169117	169126	9
12436	12448	12
12589	12601	12
150324	150516	192
160931	160979	48
171845	171887	42
160164	160230	66
227167	227182	15
174365	174431	66
59673	59772	99
101214	101352	138
44649	44685	36
7833	7911	78
62743	62758	15
147853	147877	24
24027	24228	201
119443	119593	150
178725	178770	45
156555	156579	24
182812	182839	27
170841	170874	33
211970	212030	60
161422	161440	18
19580	19589	9
118485	118503	18
84180	84204	24
2128	2299	171
10594	10657	63
210404	210422	18
84931	84940	9
200224	200287	63
86734	86791	57
58880	58979	99
6929	7004	75
197869	197920	51
15942	15951	9
96993	97011	18
154794	154908	114
34806	34875	69
70884	70890	6
216480	216648	168
199697	199724	27
100766	100793	27
165824	165839	15
84637	84685	48
153954	154029	75
22572	22638	66
227482	227563	81
109138	109192	54
178288	178315	27
135853	136633	780
106273	106402	129
56715	56742	27
85369	85393	24
179053	179068	15
151282	151390	108
227741	228953	1212
21239	21260	21
229511	229589	78
177723	177744	21
21184	21214	30
71080	71233	153
6068	6140	72
90889	90940	51
183617	183659	42
134185	134266	81
134894	134912	18
160100	160148	48
6409	6430	21
45225	45348	123
31144	31180	36
188233	188263	30
179657	179684	27
12781	12820	39
61210	61288	78
6025	6031	6
224981	225038	57
105205	105307	102
160352	160424	72
42745	42751	6
90774	90870	96
59314	59350	36
54981	55002	21
19056	19089	33
74903	75062	159
104501	104510	9
23938	23956	18
97048	97060	12
186835	187732	897
139626	139803	177
149895	149955	60
48266	48272	6
142313	142370	57
199981	199987	6
199868	199931	63
173409	173487	78
51869	51986	117
82281	82515	234
28323	28359	36
69999	70008	9
112301	112433	132
5906	5987	81
87791	87797	6
54928	54949	21
57030	57066	36
135777	135804	27
23253	23280	27
202339	202393	54
10920	10956	36
86096	86288	192
214061	214193	132
176982	177054	72
170740	170818	78
98463	98568	105
151079	151109	30
154463	154553	90
108058	108091	33
208503	208557	54
212715	212796	81
34968	35010	42
14017	14089	72
226872	226884	12
10090	10399	309
211727	211859	132
128344	128404	60
14140	14209	69
13210	13252	42
184891	185596	705
435	510	75
79512	79518	6
28895	28901	6
10861	10894	33
189578	189596	18
28970	28997	27
143065	143215	150
26598	26724	126
136913	137510	597
141319	141355	36
113413	113434	21
27607	27628	21
7772	7784	12
15667	15691	24
56824	56896	72
165300	165522	222
201880	201952	72
20362	20419	57
208169	208208	39
42176	42719	543
282	348	66
224187	224205	18
1852	1954	102
100827	100854	27
89602	89611	9
227564	227633	69
83517	83562	45
86921	87038	117
188311	188368	57
179132	179273	141
164527	164563	36
45741	45762	21
110755	110896	141
201700	201805	105
36829	37147	318
211158	211233	75
227234	227243	9
22434	22470	36
175859	175901	42
15610	15628	18
200121	200127	6
97033	97042	9
12045	12426	381
104182	104194	12
186298	186328	30
148868	148964	96
168239	168398	159
221622	221688	66
85304	85337	33
167828	167867	39
219176	219191	15
209579	209585	6
158890	159793	903
11834	11849	15
176204	176258	54
16186	16192	6
88842	88908	66
84693	84723	30
215699	215729	30
53417	53432	15
109387	109801	414
90993	91029	36
7163	7310	147
210551	210605	54
128077	128092	15
27382	27391	9
90950	90983	33
73298	73310	12
172356	172494	138
25788	25914	126
162753	162786	33
9907	9970	63
199045	199072	27
177486	177498	12
84030	84162	132
203402	208016	4614
86561	86624	63
84976	84982	6
103756	103762	6
151976	152045	69
162481	162685	204
185715	185751	36
19250	19298	48
105832	105862	30
154146	154395	249
7095	7122	27
4050	4140	90
65956	66028	72
111103	111109	6
217713	217731	18
217146	217194	48
199419	199452	33
188182	188221	39
12829	12850	21
223595	223619	24
106067	106151	84
44106	44259	153
220057	220180	123
5278	5323	45
20549	20717	168
21479	21566	87
66166	66250	84
213113	213197	84
223256	223289	33
180000	180066	66
21625	21850	225
161627	161681	54
183122	183152	30
178631	178661	30
223529	223535	6
220850	220859	9
209254	209299	45
65635	65647	12
11992	12010	18
1060	1072	12
224244	224436	192
141631	141709	78
67687	67750	63
44861	45047	186
68541	68796	255
119627	119636	9
157711	157795	84
227249	227264	15
28559	28604	45
139806	139842	36
87944	88034	90
229846	229867	21
212810	212855	45
67906	67960	54
83244	83265	21
56568	56592	24
101929	101941	12
162393	162459	66
216812	216890	78
142370	142466	96
16640	16682	42
209310	209352	42
37463	38972	1509
33447	34701	1254
104405	104501	96
9751	9784	33

