14108	14114
218267	218654
42809	42815
137489	137513
226945	226966
73504	73570
16553	16607
158830	158893
91337	91376
83268	83274
60973	61078
7290	7356
225443	225470
158605	158701
130521	134589
7391	7439
156349	156391
216393	216432
219327	219384
135480	135642
92546	92561
229682	229691
191036	191126
143016	143106
19092	19119
229515	229527
84007	84022
23233	23251
106442	106496
112780	112789
102059	102098
70976	71000
23542	23575
16979	17012
165901	165952
195404	195416
44525	44606
39718	39973
43053	43086
182022	182034
164764	164779
220523	220535
162148	162370
7627	7663
124346	128654
207142	207157
16622	16703
41268	41397
65704	65761
158521	158551
211555	211576
153945	153993
50339	50399
218224	218248
85381	85423
42780	42792
21397	21454
220614	220734
159627	159678
169119	169158
70596	70602
82684	82726
105549	105573
181169	181232
74976	74985
29699	29837
188319	188328
82875	82938
130164	130254
103370	103430
18669	18837
58224	58266
220744	220810
43911	44019
107561	107690
135217	135271
175429	177418
116859	119373
156167	156230
4443	4455
150748	150754
108911	108962
208162	208249
34359	34404
113019	113040
86669	86696
59949	60012
206612	206630
142770	142776
199611	199713
85515	85533
143187	145470
64133	64169
150376	150730
51723	51921
53812	53860
30032	30041
209611	209620
224148	224166
166783	166885
184695	184881
161503	161533
209792	209840
195440	195449
179866	179872
96335	96359
28018	28102
65941	65959
229459	229471
15972	16071
224847	224886
105726	105912
85184	85208
90748	90919
229395	229443
190059	190161
40626	40746
211928	211958
14351	14375
36788	37286
11458	11464
190604	190706
13661	13787
152479	152503
34216	34279
214213	214333
107409	107457
226025	226034
12311	12428
20393	20510
85888	85912
182252	182261
85454	85502
128950	128962
71221	71227
37292	37382
48227	48251
43403	43418
181950	181956
87242	87548
87639	87660
15202	15244
34974	34983
227803	227818
40000	40135
209969	210035
142923	142992
136004	136115
99712	99763
16822	16891
184542	184557
200689	200719
179632	179776
48421	48511
74617	74638
112048	112084
69821	69851
219167	219191
210366	210372
33332	33362
28976	29093
199479	199533
207176	207218
175412	175421
111717	111753
199780	199822
87728	87839
216236	216269
211151	211205
53678	53726
211583	211667
101365	101377
14826	14877
33469	33520
172733	172751
73579	73630
137599	137704
15278	15332
5668	5812
6440	6617
73661	73760
210449	210602
7052	7211
180259	180268
1983	2130
194054	194114
182636	182645
93964	94000
181976	182021
34499	34610
218830	218863
206959	207031
98057	98138
49778	49784
5457	5511
107723	107762
224085	224109
223866	223896
110229	110268
58020	58050
4770	4872
13850	13877
184154	184232
79353	79359
96631	96646
23325	23487
11943	11964
28789	28810
109521	109596
215077	215125
25446	25572
181622	181682
14616	14646
200037	200079
65923	65941
53013	53028
151265	151289
198800	198806
229981	230017
7729	7747
191331	191523
58515	59823
155757	155790
34302	34359
168802	168988
86471	86564
36103	36130
99363	99414
147094	147328
51962	52073
38743	38836
33867	33954
227973	228015
200648	200660
41546	41642
46132	46246
183091	183307
43349	43385
40412	40487
100961	101021
14449	14551
54816	54852
9397	9409
20562	20583
2900	3002
137389	137422
25176	25302
200332	200380
21168	21198
168537	168618
136334	136439
146098	146884
202143	202164
172533	172731
18590	18614
32555	32570
155719	155731
78791	78809
85933	85951
8146	8185
150160	150334
24171	24426
21495	21522
94103	94124
228720	228852
190806	190968
19572	19587
124046	124169
165460	165511
61094	61139
11263	11311
12236	12257
85092	85104
180420	180543
91589	91733
105636	105717
36397	36406
88787	90716
42014	42296
189912	189924
155853	155970
221202	222984
201130	201208
214160	214166
76692	76737
223605	223617
3665	3731
135824	135911
53889	53931
160693	161503
107335	107383
225668	225674
182498	182516
64195	64201
50124	50169
53035	53050
112610	112649
14417	14447
40858	40900
22038	22068
75494	76154
227936	227954
51655	51721
48731	48779
165832	165856
2148	2184
177421	177442
135750	135789
45172	45190
43099	43243
17593	17617
97502	97529
188357	188654
109241	109310
201377	201383
219062	219107
29345	29390
207038	207107
70409	70496
76902	76980
196374	196587
207721	207760
18196	18235
60695	60878
156241	156259
60608	60623
206375	206429
52920	53001
209216	209237
112120	112231
49210	49288
17457	17487
12726	13062
35083	35119
96656	96674
93153	93324
177623	178364
52493	52499
114388	114406
8451	8496
134800	134833
116644	116662
187999	188140
137569	137587
142389	142482
70602	70701
48156	48183
184372	184426
4409	4424
128722	128737
12499	12511
227681	227711
194706	194814
86706	86811
71599	73465
30996	31071
191222	191231
189165	189330
84824	85025
9425	9461
79417	79477
188793	188859
220173	220284
212497	212764
113487	113625
24460	24466
34636	34690
36656	36662
124195	124213
155568	155577
84155	84365
32450	32495
26455	26476
196591	196720
227405	227459
107531	107543
96093	96270
78830	78866
58158	58224
135687	135750
104600	104630
88639	88669
33972	34059
12448	12460
41680	41782
221115	221160
215810	216026
179037	179082
46860	47019
209643	209685
212000	212096
13880	13889
73935	73953
19917	20010
38014	38200
101752	101818
45227	45350
86394	86430
46447	46459
53617	53644
98266	98545
192331	192349
114624	114735
18898	18940
224632	224668
110106	110223
229306	229339
30017	30029
37801	37882
91873	92521
110004	110064
27311	27368
112852	112957
54744	54750
82783	82867
145865	145979
154027	154036
200990	201080
158717	158804
189763	189844
107220	107334
180398	180407
83941	83977
2714	2759
28922	28931
9778	9787
175350	175368
201653	201662
16744	16804
136518	136539
184318	184330
26230	26239
99132	99219
93436	93445
1926	1938
207790	207796
41062	41116
91436	91463
64004	64013
9716	9776
15873	15909
101117	101180
76172	76202
37895	37901
14662	14692
91265	91310
111842	111944
7933	7942
71429	71477
202250	206219
100050	100161
69634	69655
207582	207600
33056	33122
1650	1779
219407	219455
2547	2559
210088	210148
48512	48665
32272	32398
229612	229657
146891	146927
110453	110462
6851	6911
160408	160606
98149	98239
159505	159598
114767	114782
172305	172338
28163	28205
211782	211824
70540	70570
29954	29960
106675	106726
42408	42456
69721	69757
227890	227923
26641	26761
30277	30334
34789	34822
198405	198453
928	934
14211	14226
149909	149945
226601	226631
223311	223350
200629	200638
76566	76587
26356	26425
22654	22660
23809	23830
90999	91020
104367	104409
77946	78006
29854	29884
188155	188221
19495	19534
35889	36081
155202	155229
44917	45124
86170	86293
188234	188240
17831	18080
43874	43886
201872	201965
178633	178657
93351	93369
25581	26007
154066	155176
130022	130049
166921	167119
223975	224032
166745	166775
128774	128870
225245	225257
52529	52655
59863	59908
3142	3307
209847	209967
172355	172517
27654	27684
101180	101225
3566	3584
225614	225632
113412	113481
147421	147541
100161	100245
78191	78230
211480	211510
190452	190476
175260	175266
136135	136231
91386	91395
213716	213785
223737	223839
109022	109034
11054	11063
187632	187641
108196	108202
69940	70012
228523	228559
194884	195070
54499	54589
223070	223145
197318	197450
156700	156793
37939	37960
33842	33863
63798	63906
227138	227159
51388	51409
17357	17405
156636	156696
13600	13624
115224	115314
28353	28401
29313	29331
78282	78339
181053	181083
158573	158582
8286	8325
51534	51624
77136	77169
71498	71513
207993	208056
92746	92752
17161	17194
49481	49502
225505	225550
152553	153030
19181	19232
103521	103545
115098	115149
53648	53666
120054	120096
92611	92635
165794	165812
5260	5305
229531	229597
167639	167714
20584	20734
209201	209216
28111	28120
27862	27895
135140	135146
136884	137115
220826	220844
183863	183932
63597	63747
200264	200279
45480	45486
208593	208599
22707	23088
71030	71048
195519	195537
172833	173190
20869	20974
225650	225656
218932	218956
195371	195404
32509	32530
142803	142860
180640	180652
181588	181600
12000	12048
41957	41972
188955	188979
181894	181927
15704	15794
83582	83663
23155	23194
210917	210962
196231	196276
22230	22431
35124	35139
189472	189481
151256	151265
27600	27618
224500	224581
6340	6400
110345	110363
189937	189958
38944	39163
83190	83262
52402	52447
84080	84131
23488	23497
129073	129994
44457	44505
21466	21493
86036	86075
47892	47931
211218	211302
206718	206772
82629	82659
213450	213462
219304	219313
115568	115574
83695	83755
97596	97626
78243	78279
192135	192153
212182	212314
177459	177594
91743	91755
60424	60505
71097	71121
13177	13213
104967	105186
227109	227136
196720	196762
113800	114349
161837	161915
39252	39540
119897	119996
192691	192757
8860	8950
54808	54814
24771	24897
187340	187403
128968	128980
108790	108826
5074	5095
42327	42408
94553	96035
19653	19779
110677	111655
10091	10136
223915	223927
227025	227049
3110	3116
218774	218801
93489	93504
70277	70310
29145	29235
42911	43028
54059	54137
44611	44671
171715	171739
136283	136289
155373	155427
99593	99692
98750	98765
74327	74594
109178	109208
110404	110410
119723	119792
100383	100590
136836	136875
159280	159349
152156	152249
83846	83939
88312	88372
76246	76258
100866	100890
108214	108388
106649	106661
227209	227260
190975	190999
48934	48964
165258	165291
52698	52710
63944	63989
216069	216207
47501	47522
79052	79184
218071	218203
105276	105357
198521	198623
49996	50116
30348	30396
113051	113186
178783	178831
224720	224840
11111	11162
228579	228714
147717	147789
29589	29685
7873	7891
112669	112702
210260	210344
198147	198255
46695	46770
178852	178927
99331	99355
11070	11106
10318	10426
200532	200541
12129	12234
40768	40843
189572	189587
208347	208359
4120	4393
115487	115535
109209	109224
97029	97044
74674	74746
206335	206371
185196	187338
169012	169063
199245	199449
41196	41220
2466	2523
87971	88112
32829	32961
210430	210436
153604	153760
24636	24762
26982	27129
159793	159952
15356	15368
18387	18405
4485	4497
77038	77065
158898	159018
8092	8119
13431	13518
101868	101967
179876	179915
418	424
105951	106083
48873	48906
30466	30502
194524	194554
19304	19334
216342	216390
88188	88194
66031	69622
76486	76516
51412	51532
94223	94280
46485	46527
226370	226391
184357	184372
156806	156821
156918	157893
10203	10290
20791	20866
220315	220324
137948	142364
181388	181442
49103	49112
184986	185064
13953	14091
213791	213983
47187	47229
154003	154021
23592	23751
27534	27540
23785	23791
61347	63477
151891	151909
214122	214128
46349	46421
24484	24505
100023	100038
25311	25437
114357	114378
145497	145563
29400	29448
107138	107210
86090	86126
47993	48089
167874	168096
228496	228505
106511	106568
219899	219911
109598	109607
225277	225319
195212	195269
178981	179026
78498	78507
97207	97228
142743	142761
194329	194491
59911	59917
4620	4716
63535	63556
168476	168494
49158	49170
54256	54379
53056	53092
49544	49589
224427	224487
200898	200907
51233	51245
103548	103575
213127	213286
27447	27507
221045	221093
98803	99022
37436	37631
14728	14746
35001	35022
181757	181823
1173	1284
225688	225709
38536	38695
93781	93826
230028	230058
19837	19894
23901	24156
220451	220508
70034	70043
79332	79344
226413	226578
36689	36710
106727	106766
44026	44107
166420	166498
135374	135449
195893	195935
192030	192111
219194	219260
110565	110619
93695	93710
225060	225168
4911	4935
179530	179554
189539	189563
102116	103316
147074	147092
104546	104591
159040	159142
206585	206603
199545	199584
98655	98730
181841	181862
104444	104450
11216	11222
34458	34479
19609	19642
215731	215743
101512	101704
104772	104787
109318	109366
31285	31327
219006	219024
211356	211443
208764	208848
36358	36391
224602	224623
48807	48813
85684	85735
9236	9290
5145	5184
19399	19474
206636	206663
36325	36352
48317	48356
45351	45408
53195	53363
30924	30960
36467	36653
91077	91260
115603	116605
207825	207882
33584	33611
223424	223445
10485	10650
55083	58008
28431	28752
229288	229294
161551	161563
20259	20280
229718	229757
217077	217092
38203	38371
181323	181374
214386	214581
151468	151831
212338	212407
92769	93000
134991	135057
75206	75233
191248	191254
17547	17574
93373	93406
104857	104869
3121	3142
30687	30888
147800	147866
209278	209353
27949	27988
10936	11053
220126	220147
32134	32152
182658	182736
224943	224955
41118	41163
150774	150822
208637	208742
109140	109155
128876	128939
191149	191173
78586	78640
99873	99909
103887	103953
17686	17695
16124	16271
201580	201628
184882	184930
14753	14759
22112	22223
23098	23110
40256	40403
159984	160179
31202	31211
219564	219585
142788	142803
99918	99963
111813	111840
229124	229187
75001	75136
85584	85593
220930	220972
112415	112481
143119	143173
228049	228412
215507	215708
229900	229927
136491	136506
158293	158458
207529	207571
151039	151213
223669	223681
209603	209609
26247	26286
44705	44720
229764	229854
73495	73501
105234	105246
77339	77741
79523	82625
29463	29550
38887	38944
162698	164441
171756	172269
220018	220078
84462	84513
51040	51103
192464	192545
212421	212448
181490	181529
75151	75202
47533	47575
182437	182473
43246	43267
114791	115043
121667	123947
226320	226353
41443	41542
4979	4997
162383	162395
165398	165431
46529	46550
156324	156333
7975	8005
165302	165356
161928	161973
211533	211542
69783	69789
201512	201551
47397	47445
194594	194600
187737	187947
21211	21232
44807	44846
73636	73657
152000	152027
211708	211741
24906	25167
15062	15092
101836	101851
189725	189731
1566	1638
189867	189897
52510	52516
219827	219881
212938	212953
24531	24627
49613	49766
227852	227873
65969	66002
156860	156881
21686	21734
180283	180331
21880	21952
2184	2364
71230	71389
107815	107848
161784	161805
225871	225901
61149	61263
10738	10795
27913	27934
104684	104735
153806	153899
54627	54642
207305	207365
85222	85231
164728	164743
178475	178484
224216	224357
198846	199005
180547	180577
110509	110518
27408	27447
20519	20561
193880	193934
167740	167863
226171	226219
52793	52916
64352	65675
105196	105205
77208	77310
160611	160620
8722	8755
223944	223968
142488	142722
40958	41021
11756	11792
191645	192002
189642	189687
207672	207681
164513	164585
195948	195954
195821	195884
136785	136830
64209	64227
53435	53564
9186	9222
195975	196188
206278	206335
105606	105633
229190	229235
210985	211135
183460	183691
43479	43707
189100	189160
223061	223070
97747	97843
10822	10936
101470	101494
17729	17798
199094	199124
192790	192928
14553	14595
45137	45161
1091	1163
32106	32121
179094	179400
128737	128770
200486	200498
45939	46122
160243	160267
30073	30082
147935	147968
210822	210903
226100	226106
45216	45222
35271	35322
206776	206878
149514	149562
156062	156131
17049	17118
190178	190280
45515	45575
197187	197217
69797	69815
76270	76357
11476	11635
8626	8641
2596	2629
197067	197109
17232	17271
51330	51336
194217	194250
2759	2879
208260	208278
36144	36171
192215	192296
27804	27834
136574	136613
184435	184540
54885	55074
106585	106612
70792	70969
45670	45724
94015	94072
5315	5357
180937	180985
173268	173286
168665	168698
145664	145805
40175	40250
50216	50276
1037	1046
227542	227623
103655	103871
78132	78138
187663	187699
33004	33049
6282	6309
47367	47394
86572	86584
182740	182764
28831	28906
179786	179831
60508	60526
8121	8136
84375	84456
200414	200423
20203	20215
193300	193723
65815	65896
99448	99550
109054	109069
150905	150941
108411	108441
214621	214645
12100	12127
207908	207950
180005	180095
18947	18989
183935	183962
26536	26554
109856	109958
148000	148018
208511	208544
119657	119702
74793	74820
30103	30115
668	740
135065	135098
195692	195818
198712	198763
194290	194314
112235	112265
209006	209021
85269	85326
44865	44910
31558	31600
3926	3947
15421	15535
219985	220009
200132	200261
52171	52207
45640	45649
34753	34783
32001	32040
19338	19380
77070	77079
216475	216856
7755	7821
86382	86394
108598	108604
2664	2673
220336	220342
134673	134796
5514	5664
21966	22014
23203	23224
194166	194217
183763	183859
226820	226895
92635	92653
115446	115458
147379	147409
151020	151035
168135	168393
16408	16423
217794	217905
183428	183437
166551	166659
84767	84815
86301	86352
143	374
228978	228987
83834	83840
109409	109439
1051	1060
158056	158134
78382	78490
207473	207518
164950	165211
33203	33311
15564	15600
8676	8718
37397	37430
60323	60392
58439	58496
54209	54227
3068	3083
106806	107007
1888	1894
182956	182980
94329	94470
171554	171614
155582	155639
208546	208576
229934	229964
50479	50938
6621	6705
224033	224078
188875	188917
58301	58385
26801	26957
155689	155695
47713	47863
182126	182177
114562	114592
197873	198032
7519	7558
226679	226736
44153	44354
52220	52349
169166	171524
213669	213678
148117	149509
211756	211774
107865	108054
220095	220125
93507	93594
156535	156610
109635	109836
120148	121342
4948	4969
18311	18359
15142	15178
227073	227109
103955	104159
108640	108715
97082	97109
21757	21871
109983	109989
624	654
53580	53601
38861	38885
164456	164504
87116	87215
201698	201842
78151	78157
14259	14307
158191	158266
70128	70227
3966	4095
145979	145991
33783	33795
226976	227015
152446	152458
165578	165785
86899	87049
13543	13561
30521	30611
70310	70388
60206	60233
6916	7000
209266	209278
183400	183418
1348	1405
79294	79321
78020	78125
106216	106231
48697	48703
197627	197858
208370	208406
109958	109967
73874	73910
197117	197123
167230	167413
31899	31974
14762	14792
43726	43732
167429	167624
17656	17668
212981	213005
223538	223547
230058	230100
16290	16359
166192	166387
130378	130393
173361	175230
226252	226267
192620	192674
165375	165393
5914	6208
96041	96047
44400	44436
7825	7831
165996	166059
106334	106412
115537	115564
108519	108594
194845	194866
214745	214925
201445	201496
13216	13234
136693	136714
152277	152319
54775	54793
220890	220911
7679	7727
180710	180755
192977	193064
9292	9370
158005	158047
39619	39685
196779	196974
8977	9040
78742	78763
73770	73872
403	409
148050	148086
211868	211889
209438	209462
33665	33764
60881	60962
848	926
9856	9877
189483	189522
208889	208967
217993	218002
47258	47282
64233	64263
87895	87901
216911	217046
207711	207720
76782	76878
74985	74991
17301	17355
34063	34111
31424	31490
27785	27800
164827	164926
75414	75453
182995	183049
2885	2891
18482	18539
212810	212852
13338	13359
97878	97956
32173	32185
179570	179591
214963	214984
191523	191619
155341	155371
27717	27765

