ORFlength	 absolute_frequency
384	1
33	109
276	2
90	37
21	129
63	74
102	39
288	1
336	3
180	8
99	34
18	124
162	13
72	60
255	1
264	3
351	1
525	1
240	3
246	2
84	39
27	129
57	78
108	29
231	6
243	7
201	8
423	1
189	5
225	2
207	11
78	62
48	94
294	1
360	1
87	55
174	6
93	42
123	30
39	99
210	5
138	21
114	36
12	139
258	6
153	18
15	134
81	59
60	67
312	1
321	1
45	102
66	58
54	79
237	3
549	1
204	6
309	1
165	7
198	6
129	25
315	4
375	1
141	22
144	16
30	117
186	16
222	5
147	16
252	2
120	30
228	6
156	12
75	51
273	1
192	12
381	1
249	5
168	8
465	1
135	17
69	57
348	2
450	1
24	120
177	16
285	1
150	15
234	6
282	3
267	5
42	87
354	1
219	8
318	1
96	39
105	39
126	40
159	23
6	152
36	107
183	9
213	7
9	153
51	86
111	33
279	1
456	1
498	1
483	1
216	5
132	24
117	27
270	2
171	14
195	13

