101482	101584
36099	36162
180569	180590
13499	13532
96377	96404
55548	55629
34787	35021
41406	41673
223786	223876
10309	10342
215847	216000
62075	62081
162568	162619
95258	95384
94068	94209
101906	101978
120170	120188
80495	80525
40145	40187
213764	213812
206092	206104
176293	176317
216627	216654
178502	178520
214565	214631
19666	19858
11852	12041
176954	177017
86154	86298
454	487
150765	150840
228993	229200
208372	208390
194729	194819
170684	170720
86879	86957
84571	84595
208873	208882
114596	114602
42903	42987
100426	100573
150103	150121
51518	51536
57755	57836
156805	156844
101996	102026
131016	131238
229223	229250
176603	176648
4087	4126
58029	58110
135815	135866
14412	14433
174105	174114
67023	67065
21215	21368
214437	214542
64278	64464
118895	119012
33620	33626
179849	179936
146352	146379
102276	102297
202740	202755
17228	17237
65568	65613
5428	5476
24370	24430
170856	171066
83243	83321
77373	77412
29899	29971
206182	206464
31038	31071
150528	150630
44498	44531
189685	189841
102036	102147
143579	143633
112975	113134
25253	25412
110400	110499
10975	10984
173005	173080
134636	134672
9573	9594
139582	139858
100267	100294
178180	178276
103286	103394
86365	86386
55109	55145
17027	17033
3786	3828
133189	133252
208716	208770
38621	38642
55859	55889
43974	44064
187312	187324
198378	198393
95535	95694
138679	138703
213059	213095
32757	32955
121780	121840
205444	205738
156115	156169
13104	13158
9818	9839
182454	182559
129932	129944
99499	99604
1396	1732
85717	85732
1760	1874
48174	48222
20411	20480
218444	218498
175586	175724
206053	206071
184369	184393
37891	38050
183353	183377
143308	143437
61059	61434
31480	31516
163039	163129
156187	156253
149124	149217
113516	113543
191446	191461
123707	123851
8273	8312
97582	98038
63479	63632
160156	160306
47454	47538
153940	154018
11514	11610
37829	37859
216274	216313
37267	37312
15003	15102
72890	72908
70581	70596
109851	109923
181470	181590
28720	28738
85881	85944
41036	41135
163503	163515
39747	39864
88182	88239
181793	181802
134938	134944
104735	104759
87295	87304
127430	127442
112773	112833
159592	159604
91599	91671
88399	88486
175731	175848
157648	157678
173984	173996
127079	127109
161669	161678
173663	173708
109167	109197
80971	81037
155299	155365
143570	143576
161279	161396
225550	225637
101674	101737
116006	116030
225715	225739
78196	78301
168287	168365
75669	75675
33499	33529
60116	60128
196456	196483
49757	49775
192389	192425
165783	165795
147240	147297
4328	4391
14122	14203
136204	136444
71238	71253
35072	35144
109255	109306
8035	8044
103396	103555
58520	58613
184266	184284
112571	112592
117233	117284
114710	114806
196558	196579
162921	162942
124899	124911
204949	204964
130323	130377
214953	215055
301	427
3448	3493
122876	122891
41780	41816
204073	204100
60426	60462
159836	159860
73862	73925
69790	69796
35342	35471
51	66
43930	43945
168393	168402
103110	103179
206489	206537
226196	226286
202637	202682
192536	192605
216382	216418
54053	54107
224351	224399
75855	75876
72088	72139
214247	214277
85228	85324
37731	37782
140780	140831
49478	49589
118451	118532
44294	44372
166965	167160
140349	140460
110541	110568
210400	210463
143744	143822
28902	28935
143113	143185
51138	51228
221179	221290
101821	101884
220994	221066
214048	214096
211876	211936
153641	153653
53958	53967
132815	132833
46417	46465
210070	210076
146401	146506
160013	160043
68413	68440
161405	161501
131855	131945
17107	17119
223629	223635
193809	193827
183039	183153
118709	118721
24868	24901
39880	39958
3858	3960
12639	12720
179527	179638
117728	117779
32109	32301
27868	27997
185368	185377
228355	228379
83027	83108
77971	78052
37637	37670
191686	191839
62144	62357
119920	119959
74397	74412
63995	64007
45932	46073
40470	40539
13085	13100
127155	127212
157975	158041
142387	142399
227980	228022
223518	223569
216745	216790
63632	63737
62898	62961
59883	59970
180463	180481
73635	73707
18072	18138
102151	102202
75726	75849
8659	8677
155211	155277
207674	207698
77015	77222
130866	130902
80045	80078
211311	211533
49874	50120
157951	157966
219733	219739
60340	60361
38550	38583
118371	118446
133078	133186
83623	83662
172744	172777
65767	65782
101122	101188
9921	10035
214365	214371
128972	129014
12409	12457
216821	216845
88512	88533
185314	185338
175144	175180
177504	177519
148886	148907
116294	116339
95169	95253
107415	107421
117513	117573
96473	96704
2407	2497
87712	87754
108668	108680
118292	118370
102300	102354
59337	59367
220638	220677
171735	171795
19421	19460
164036	164108
126998	127052
7349	7424
226352	226430
67659	67851
56238	56274
23200	23239
190550	190601
172298	172361
215089	215101
116447	116501
62809	62845
20801	20825
223074	223083
227855	227864
130537	130690
46760	46808
18817	19015
54708	54840
196800	196842
23841	24018
179392	179413
203462	203510
152171	152192
54457	54466
165842	165950
9118	9175
57270	57339
201130	201235
46880	46916
222770	222857
4971	5043
116386	116407
168025	168037
41918	41942
15376	15394
20752	20779
79246	79438
52148	52253
54286	54292
91381	91519
134461	134551
78771	78831
228849	228915
62443	62605
30575	30629
136701	136797
52916	52985
2971	3016
38175	38196
101200	101224
176213	176225
159263	159275
121190	121349
211675	211744
131331	131355
181082	181109
105662	105692
27075	27135
102569	102617
51603	51630
140956	141043
200153	200222
153657	153756
5760	5844
203064	203265
107013	107064
24240	24321
42646	42721
37586	37622
157470	157506
48387	48438
69216	69264
151052	151073
96266	96308
16876	16918
215545	215551
2876	2885
91240	91249
120643	120661
114130	114241
108625	108646
155961	156084
142792	142807
125185	125197
72957	72966
51799	52030
180602	180728
58808	58862
163822	163885
125803	125860
185662	185716
148170	148197
221916	221922
220555	220567
157712	157733
67412	67520
21377	21407
229714	229762
165558	165573
61691	61721
171338	171452
66082	66157
197525	197543
177266	177404
187570	187624
203292	203298
95143	95158
186566	186881
157064	157088
43687	43783
108100	108181
107339	107375
38845	38884
59851	59881
197730	197751
70286	70343
144812	144845
103824	104061
159487	159553
73376	73403
65035	65053
206627	206645
160661	160745
71010	71091
108955	109009
210563	210791
176372	176381
156493	156598
48854	48875
98794	98905
223288	223318
104570	104621
92333	92381
6627	6633
56012	56192
157276	157462
175404	175542
148357	148363
150138	150261
169868	169886
77238	77274
221885	221894
170351	170450
110005	110020
7633	7732
12057	12069
138016	138145
76591	76663
198294	198378
91883	91895
208838	208868
148743	148848
173858	173894
201766	201820
76190	76322
99950	99971
87956	87980
179736	179844
140265	140271
93554	93590
157843	157939
182293	182347
116826	116838
10793	10820
15209	15230
115518	115572
42372	42396
118552	118618
137582	137621
130088	130214
46470	46479
125432	125552
201543	201555
126812	126905
188120	188126
210493	210526
183172	183343
48750	48792
28022	28028
36557	36590
174011	174023
99036	99120
61733	61781
51760	51790
144933	145098
10345	10366
24022	24124
27583	27643
36690	36873
74462	74468
154939	154981
58319	58346
16068	16182
91524	91584
206804	206846
45834	45870
191358	191439
71919	72030
178936	178948
149741	149789
32659	32689
97056	97071
101756	101819
45221	45344
214110	214203
201408	201417
62992	63016
127819	127885
34164	34188
74948	75029
217896	217923
186104	186188
7933	8011
111018	111039
100307	100346
205778	205973
137990	137999
27230	27335
153177	153216
35167	35182
195803	195815
120555	120642
132966	133035
33113	33194
44086	44233
195395	195599
30289	30382
98135	98258
41148	41190
200834	200903
127303	127333
178809	178824
154523	154649
13937	13994
208179	208203
98291	98483
2255	2285
202989	203013
43465	43513
190784	190895
146887	146908
66518	66560
162667	162730
202714	202729
40971	40980
175287	175371
199038	199095
69569	69650
55257	55269
157005	157035
87334	87475
125201	125255
34482	34731
122512	122746
15174	15207
129963	129975
140853	140901
165582	165687
37454	37490
85603	85666
73569	73596
125627	125657
85430	85487
111969	111993
138649	138670
128729	128777
178799	178805
88786	89017
167851	167926
189300	189312
158866	158875
62399	62417
14585	14597
81771	81819
228147	228201
151493	151619
99773	99815
197119	197149
132420	132492
164487	164754
68982	68997
24923	24998
184485	184512
149806	149905
219779	219806
95714	95735
96814	96829
80900	80921
100968	101091
187187	187196
168540	168588
39103	39112
199111	199144
129513	129525
72494	72539
97315	97516
180136	180202
6839	6983
182817	183033
176504	176549
113578	113755
209769	209778
50709	50793
100619	100676
222865	222880
28051	28066
193640	193733
8684	8807
35228	35327
51241	51400
171593	171617
21831	21846
173619	173628
143447	143567
156926	156998
18483	18588
175856	175919
126111	126117
94936	94945
164135	164207
217937	217979
9741	9750
97233	97275
61800	62001
65372	65558
158828	158855
144279	144399
108403	108487
29717	29759
12194	12242
16927	17026
104775	104865
88553	88631
140751	140775
23774	23816
41363	41375
206877	206913
109519	109546
29053	29071
203891	203921
120068	120170
58886	58910
60512	60560
20053	20071
9622	9628
192303	192384
199184	199196
74602	74623
83741	83810
153452	153488
40963	40969
202069	202120
11255	11288
123285	123393
208125	208140
13313	13472
205351	205390
197587	197611
44547	44628
92757	92781
202016	202067
60653	60671
207628	207652
78974	79139
3039	3051
6696	6726
211983	212016
188541	188658
215106	215112
200692	200824
65082	65139
149253	149295
110237	110261
44388	44418
184068	184131
82400	82502
87477	87507
92842	92881
69656	69737
96721	96763
180749	180800
220074	220092
142006	142039
75293	75506
215606	215612
66944	66989
193978	194206
176675	176726
116187	116214
152651	152666
19497	19533
12562	12634
159741	159759
81070	81175
188760	188775
179493	179511
111564	111600
93288	93354
119494	119500
184629	184647
80525	80552
200227	200368
114880	114940
22534	22570
198898	199003
17338	17647
85789	85849
215170	215209
176837	176894
22577	22616
16585	16696
56464	56521
205167	205302
151245	151290
90265	90313
113947	113971
207368	207374
27139	27190
5582	5618
55428	55542
33662	33716
49069	49180
107583	107676
154170	154188
111810	111867
37117	37249
204024	204066
111320	111344
82720	82753
25631	25661
130401	130410
223190	223241
60811	60829
169365	169419
220898	220910
115051	115126
190215	190224
156462	156477
148004	148061
85027	85033
74805	74946
216438	216555
169167	169182
83176	83188
8050	8062
162216	162240
38933	39029
24725	24824
203342	203360
91743	91794
84942	84990
43206	43464
52799	52817
167450	167522
145241	145334
201828	201894
161837	161855
164985	164994
219914	220049
196995	197004
120727	120895
197472	197496
78302	78566
34282	34396
150864	151008
33950	34007
31437	31458
204558	204690
167926	168025
132493	132688
654	663
34040	34079
10042	10153
11378	11402
98105	98135
91049	91142
36948	37050
145379	145463
137967	137979
126075	126081
76507	76540
10186	10228
45011	45068
228768	228816
84716	84725
68607	68703
50880	51138
181738	181771
4161	4218
162266	162278
133968	134025
21627	21741
134715	134721
160813	160987
161859	161910
191284	191299
11407	11476
111194	111230
197268	197436
28406	28550
62758	62806
217057	217081
114319	114460
40567	40609
224736	224760
189522	189642
154063	154105
128945	128966
82272	82323
170284	170329
151638	151773
130475	130529
216877	216904
153859	153874
213831	214032
199204	199300
149915	150002
189117	189138
210225	210288
73789	73837
26702	26762
185797	185896
183668	183707
38222	38282
221807	221816
118	166
959	1124
139498	139525
9254	9269
64564	64591
155456	155549
47875	47884
70893	70944
168769	168790
122081	122090
73509	73554
223151	223172
29785	29851
218659	218875
72915	72948
7253	7304
80027	80042
94702	94759
205051	205090
159886	159946
41967	42162
221528	221618
131997	132027
8541	8580
100746	100794
179701	179725
144163	144244
197663	197717
182667	182706
148696	148702
36327	36351
201040	201058
3986	4013
31982	31994
209151	209211
28957	29011
38324	38342
124049	124070
177535	177541
210083	210170
100825	100957
136016	136124
163351	163426
216919	216982
129339	129435
210475	210484
185952	186054
60169	60217
186451	186466
199541	199589
164771	164897
92796	92808
84020	84176
7795	7891
25696	25741
219635	219662
151353	151386
108195	108297
113796	113820
146775	146826
178969	179053
120915	120981
140207	140237
212994	213000
156665	156692
201690	201741
19882	20008
39237	39243
121928	121946
59730	59829
186067	186100
158140	158302
178387	178444
160348	160447
53142	53277
138446	138476
9199	9220
9517	9556
93807	93963
120474	120501
126141	126264
161701	161788
36177	36249
52455	52698
91256	91322
191625	191646
170736	170823
57177	57183
98491	98599
47762	47849
164210	164264
685	871
19152	19191
58660	58702
6344	6404
95767	95842
161645	161666
198548	198644
86599	86677
40244	40358
16460	16499
200097	200127
29143	29182
28598	28652
194278	194425
10409	10550
105819	105834
137331	137337
111506	111515
180835	180853
52998	53022
89425	89488
140662	140689
140460	140559
163614	163647
107451	107478
50302	50380
207818	207932
162012	162102
5487	5505
16018	16030
169580	169616
18050	18068
65694	65742
155615	155693
124579	124846
173477	173594
125923	126046
199350	199365
173757	173811
92459	92465
29461	29611
135142	135196
43090	43129
179171	179387
187367	187397
189159	189222
16782	16815
188804	188852
200391	200655
128796	128913
212861	212987
224961	225171
91978	92098
148078	148117
126442	126469
1963	2107
97182	97215
187078	187093
218965	218998
210013	210031
156322	156406
141470	141575
39686	39746
84513	84540
87828	87924
92494	92569
179059	179098
96410	96455
223887	224019
146124	146193
46973	47021
178342	178357
30027	30183
45674	45788
134722	134806
167167	167302
112231	112240
168716	168728
15577	15631
23434	23473
70496	70535
149684	149720
211007	211124
89987	90245
81646	81688
143696	143729
203763	203859
68223	68277
84448	84493
121398	121410
44476	44494
222998	223004
7733	7790
5275	5317
47215	47257
202899	202926
38645	38780
57391	57523
202477	202582
104338	104545
216122	216191
99900	99948
211261	211291
76139	76172
150282	150387
144113	144152
166038	166047
21950	22193
69539	69545
147693	147843
23321	23390
227471	227591
217510	217717
124419	124509
222950	222977
172561	172600
121582	121657
12733	12787
144865	144898
68098	68173
7313	7340
27	39
208628	208649
115506	115518
25908	25923
153562	153574
138772	138820
98950	98956
57063	57132
69100	69130
194484	194562
6284	6305
47559	47598
117341	117491
120287	120371
206994	207105
215243	215303
70124	70145
53610	53673
107683	107863
110908	110983
157799	157823
70449	70479
223424	223433
153234	153291
106467	106668
107484	107541
201960	201981
185397	185568
214278	214311
41311	41359
208592	208601
192171	192234
103049	103064
208956	209013
31277	31400
228406	228430
141152	141248
209029	209110
189021	189087
88759	88786
117086	117233
83325	83382
17761	17770
4393	4516
166058	166133
115790	115826
143244	143256
161118	161184
63118	63220
207235	207274
183916	184003
175126	175132
186349	186427
33808	33859
26530	26545
110318	110351
116581	116653
128478	128514
216857	216875
148398	148443
74159	74243
177734	177815
64022	64067
110588	110906
177412	177469
50126	50141
148509	148647
157579	157642
21043	21160
112639	112648
190265	190439
187637	187709
89052	89136
52278	52305
195868	195907
18277	18358
4516	4636
88107	88170
50419	50479
158716	158740
147105	147153
55272	55377
89807	89936
81862	82039
129269	129284
180869	180974
17816	17855
105076	105103
70214	70244
121868	121895
91154	91205
171460	171490
79451	79547
63833	63869
178320	178329
151985	152045
83987	84020
219564	219579
132082	132148
184715	184802
58361	58418
212244	212427
146258	146279
23543	23621
78633	78735
111366	111459
109585	109612
180996	181059
41851	41866
123225	123252
229360	229381
53700	53877
30397	30421
136844	136853
215323	215404
174901	174907
48976	48982
43809	43923
49854	49872
85170	85176
227898	227943
155711	155933
141887	141977
136144	136174
94287	94347
30639	30717
58266	58287
133582	133606
195749	195782
190945	190978
68440	68593
190775	190781
40008	40101
103679	103739
113156	113276
177629	177674
112688	112760
12795	12921
5622	5703
90679	90724
199962	200040
166326	166350
82545	82599
76925	76964
214708	214717
114520	114565
72334	72376
207145	207178
202596	202608
42500	42512
138525	138594
114052	114127
137351	137399
174655	174733
28305	28374
90592	90634
133733	133922
116999	117068
159087	159243
137885	137891
7566	7575
34440	34452
128566	128698
221634	221664
139158	139245
35854	35872
192443	192494
65144	65243
72387	72492
175941	176070
81219	81282
226119	226185
160995	161109
81037	81067
79161	79209
219220	219304
172663	172720
166487	166664
98601	98754
112093	112123
202144	202150
8186	8198
35640	35649
228555	228561
181869	181902
105349	105484
18022	18040
215708	215756
589	649
226433	226466
28115	28301
206720	206738
42769	42814
16519	16582
158741	158774
145777	145858
127644	127767
196929	196971
154801	154897
14904	14967
102384	102438
180258	180348
177876	177921
171859	172111
147405	147588
106916	106952
36075	36087
212494	212614
116847	116898
10871	10877
31734	31857
222623	222686
214726	214885
11669	11762
168202	168241
76806	76881
110082	110184
113912	113945
72204	72312
164268	164337
136863	136869
117817	117844
136624	136630
21877	21883
220200	220365
85336	85423
142467	142500
77934	77958
213585	213738
191301	191343
174518	174578
55162	55225
189222	189258
84845	84881
145119	145221
83682	83733
157760	157769
56284	56401
166674	166815
55010	55061
48497	48515
99740	99755
109780	109825
165983	166034
54003	54018
38117	38153
133514	133571
49374	49443
137066	137225
135327	135612
93613	93691
4251	4326
137695	137722
75522	75618
40763	40772
218137	218314
86124	86154
162291	162411
217848	217884
73600	73615
201244	201331
184803	184947
146592	146631
67881	68076
209328	209373
207516	207543
189971	190025
168673	168697
67306	67366
5924	5981
126554	126608
209426	209741
49603	49705
89295	89379
23111	23156
88670	88679
61435	61480
153897	153906
100716	100740
139405	139450
15758	16010
107131	107263
112123	112210
204264	204531
119213	119405
85531	85543
53458	53503
134118	134142
172412	172430
47636	47660
92143	92179
108520	108529
4853	4880
75683	75722
208479	208497
30874	30970
225465	225498
154361	154370
39547	39562
112334	112460
90915	90939
58921	58993
176115	176178
165022	165148
93709	93745
203645	203726
154106	154154
224787	224817
193538	193616
144264	144276
152715	152826
67230	67248
181909	182188
59535	59655
16362	16458
188904	188982
160528	160615
14782	14872
177928	177940
174170	174212
134238	134268
206553	206589
222499	222517
177043	177097
48692	48731
222254	222401
193853	193877
93034	93178
54628	54670
6463	6490
175218	175263
73043	73169
87027	87168
102708	102990
113297	113432
113471	113495
130956	130962
211206	211239
70714	70774
154701	154725
26387	26498
40411	40423
65821	65899
169104	169161
20104	20125
94948	94975
28661	28709
27795	27825
168807	169080
115275	115437
86975	87002
172178	172211
163203	163227
142733	142775
64622	64673
56523	56652
50584	50671
167361	167442
172888	173002
46925	46937
36409	36544
115584	115629
51678	51699
211537	211573
33745	33754
122100	122139
167537	167768
9273	9498
92615	92741
123484	123601
177184	177262
35954	35984
213275	213461
40541	40550
110999	111005
121665	121761
16709	16739
3363	3438
198752	198848
81591	81621
192914	192959
215619	215652
183520	183544
29212	29239
96313	96355
111739	111799
24459	24567
71092	71233
169224	169272
139274	139295
228030	228096
126344	126416
190618	190717
91918	91957
148224	148236
81460	81529
134707	134713
226843	226897
139862	140129
173287	173473
84245	84368
64676	64721
170036	170141
106316	106355
182193	182220
166831	166924
23753	23768
105939	106065
106168	106198
226500	226602
217448	217460
57950	57962
81358	81418
224633	224723
207186	207204
159957	159993
59122	59176
23689	23746
152618	152636
22681	23062
8095	8113
10598	10634
222402	222408
127988	128216
189420	189507
74437	74446
100210	100255
131403	131409
31943	31982
27998	28010
105526	105658
198187	198223
227166	227229
8951	9026
80677	80698
104245	104257
114625	114673
84767	84845
224538	224604
171116	171143
15708	15756
219009	219150
32437	32503
42234	42333
14877	14883
68855	68960
225868	225994
178534	178600
188411	188456
141601	141760
5052	5175
10897	10906
165488	165500
164917	164977
33002	33050
78937	78946
43519	43681
197752	198088
53551	53557
44655	44865
74673	74703
17679	17724
107872	108100
220534	220543
145498	145534
18371	18398
27472	27574
123946	123961
142086	142317
84402	84447
209794	209815
80291	80417
94017	94026
123033	123087
193440	193497
15433	15454
159606	159702
151802	151880
74481	74574
59246	59276
19626	19635
140291	140330
99133	99277
126625	126694
7448	7565
131506	131650
221993	222080
195950	196073
192800	192842
132217	132238
42400	42451
104648	104729
122793	122871
199695	199866
143021	143042
62628	62664
128266	128449
59431	59485
14221	14275
94525	94600
186559	186565
100042	100138
79555	79657
136665	136689
6067	6178
60890	61004
174819	174876
228657	228669
173181	173241
171182	171272
138428	138434
46583	46589
129583	129697
69447	69489
187777	187975
218007	218088
89701	89761
122360	122399
69984	70074
105126	105195
92990	92999
25929	26004
193393	193420
195178	195343
226059	226074
202324	202423
151096	151183
225177	225228
19294	19402
138972	139011
196272	196335
31130	31205
187280	187310
198852	198876
196599	196608
187467	187560
94365	94506
66305	66311
58460	58481
25093	25174
185168	185255
159369	159441
229778	229949
77750	77906
90325	90364
224055	224157
118118	118238
121055	121169
146521	146566
66232	66238
22357	22408
102625	102649
66411	66492
61620	61671
104933	104966
72589	72847
66738	66921
44879	44990
188007	188025
179422	179458
163971	164031
217252	217294
123401	123479
669	678
96890	96962
193184	193355
213119	213200
106358	106382
124000	124024
45370	45562
118773	118782
48955	48970
3604	3655
14624	14675
125156	125174
213535	213577
11024	11084
146086	146107
104627	104633
211801	211828
144417	144639
122139	122199
174378	174441
14006	14030
127482	127503
149353	149521
154371	154404
153295	153319
60694	60730
208267	208285
136918	137044
49034	49049
149040	149067
13599	13674
21428	21563
109652	109685
56196	56235
31584	31677
157044	157053
168503	168512
84612	84630
174134	174158
152917	153160
130413	130434
133338	133410
158372	158447
229985	230192
49725	49734
69929	69977
96064	96223
227703	227826
135222	135309
194911	195061
113853	113907
176073	176088
71286	71835
7024	7090
158938	158959
151010	151022
127889	127946
134982	135123
218516	218525
27382	27406
79739	79982
67098	67179
73298	73343
76074	76086
129878	129887
220709	220889
143916	143952
157158	157227
165358	165436
132908	132932
32352	32400
130292	130301
101263	101416
55645	55735
211853	211871
116218	116230
82909	82930
129894	129900
225420	225450
25455	25500
170635	170677
155594	155615
56660	56975
137468	137552
65956	66031
167809	167824
141761	141848
99284	99311
188182	188311
195697	195715
54120	54135
191086	191224
47898	48036
141371	141410
166233	166245
3290	3311
20549	20672
54522	54615
117576	117633
188723	188759
163326	163338
223343	223403
8398	8536
149542	149566
152344	152536
69824	69893
15477	15552
143956	144025
181119	181359
48085	48145
226633	226747
33205	33274
149072	149081
83837	83951
184967	185105
158070	158118
165309	165354
198112	198154
64134	64224
172619	172655
177997	178015
158478	158541
110023	110077
217092	217101
40718	40760
145594	145708
202962	202977
39308	39404
19112	19145
112243	112261
216019	216112
105869	105905
22271	22304

