129006	129015
27739	27745
120877	120958
192574	192640
181392	181521
139719	139755
88932	88959
77024	77111
38090	38183
193256	193283
76827	76923
157031	157259
28277	28364
117100	117124
106626	106824
128695	128701
53118	53295
156327	156573
125268	125370
73879	74005
164367	164412
81315	81402
458	491
175001	175007
47681	47729
136481	136595
58608	58632
53331	53385
204675	204996
9333	9519
48056	48197
24237	24282
130377	130395
188115	188319
222307	222316
49269	49296
126360	126396
19485	19518
198123	198150
122472	122556
179321	179408
72012	72123
179228	179294
143519	143537
177618	177630
167099	167213
112812	112893
151899	151929
211	268
208782	208947
97919	97982
57594	57837
29719	29734
116509	116521
61680	61695
81844	81850
192936	192984
168661	168862
102885	102891
162462	162597
228132	228321
146172	146280
43544	43658
165616	165664
208668	208725
101713	101731
99185	99212
32449	32542
22502	22559
212522	212681
227453	227468
137742	137754
158568	158619
148954	149062
57026	57056
183441	183495
151198	151216
175017	175044
145575	145635
118273	118408
198709	198754
65677	65689
70716	70770
177746	177785
32891	32984
83876	83897
128425	128440
198432	198504
27031	27040
216079	216133
148691	148712
170662	170857
42329	42422
31249	31294
173312	173324
10127	10163
201838	201865
112984	113026
135047	135068
19839	19845
13104	13209
49205	49244
161182	161398
167865	167913
5310	5508
105173	105224
38946	39123
112486	112597
90421	90427
212167	212251
150156	150216
87487	87532
28578	28626
194947	194998
122202	122235
102178	102265
14870	14918
61459	61489
56910	56919
224053	224086
223917	223968
87376	87436
21630	21684
208488	208578
40672	40705
149124	149226
82255	82261
28132	28201
34181	34202
206196	206364
161771	161858
4475	4490
141754	141832
65271	65415
29887	29914
143896	143992
26099	26126
49702	49711
168401	168434
170591	170633
97339	97357
90486	90513
6169	6274
102951	103098
156907	156946
160966	160990
14918	15152
215660	215684
202051	202114
200680	200698
29934	29985
167382	167454
185845	185974
136332	136350
37534	37582
200011	200029
154731	154758
42117	42198
56042	56072
119749	119755
67749	67782
169917	169983
212973	213045
63549	63582
60668	60680
220359	220368
93051	93090
198585	198630
130761	130779
181558	181657
175453	175522
33726	33807
134831	134885
102427	102448
2952	3039
212481	212514
201283	201364
201067	201136
207589	207637
68442	68451
29627	29711
224224	224248
196456	196477
192865	192895
112139	112145
87032	87185
89570	89660
224092	224146
209358	209382
93140	93179
222687	222726
191717	191753
64942	64957
50398	50482
20532	20634
196155	196275
104159	104171
158270	158354
192514	192562
187484	187592
27096	27105
210564	210624
112050	112128
69673	69691
212004	212133
208595	208601
37047	37176
186024	186042
202907	202925
22757	22775
147809	147866
652	691
200932	201025
165036	165138
56724	56739
49557	49617
147314	147320
37731	37770
166687	166762
152770	152803
50802	50898
228341	228359
79919	79946
221428	221485
147082	147124
6123	6150
217153	217165
42636	42672
114891	115095
195098	195167
40312	40366
114802	114874
61222	61306
83936	83942
109680	109731
90853	90922
169788	169869
186726	186864
12820	12868
21328	21346
16437	16500
64204	64282
173659	173686
182161	182209
60836	60911
39171	39201
148264	148420
49420	49522
190683	190779
84757	84835
194156	194192
16899	17028
104728	104782
101194	101206
133041	133062
146931	146952
84098	84107
165376	165523
35790	35799
188990	189029
131446	131476
56091	56136
20073	20166
30069	30114
107452	107473
112921	112954
64577	64628
48704	49187
72151	72268
164978	165011
97051	97102
23648	23660
29118	29133
215537	215624
30660	30879
160181	160226
102566	102632
180239	180308
104875	104986
178538	178568
205779	205842
64163	64196
228564	228813
54424	54544
218061	218076
121197	121320
4005	4125
76243	76333
105666	105738
194341	194386
14449	14512
26060	26066
111428	111461
229500	229515
40157	40166
85968	86016
155930	156017
83060	83279
39776	39791
12111	12153
36148	36154
134666	134771
108742	108880
52253	52376
156632	156653
94145	94181
50132	50300
187648	187705
11110	11296
217769	217790
11846	11876
229268	229319
221838	221850
109604	109616
180682	180694
26	59
142019	142025
26223	26430
19708	19834
125518	125545
100596	100812
57507	57594
25562	25676
189610	189712
146297	146447
138191	138206
209400	209412
52467	52635
121397	121529
203793	203832
167573	167684
110481	110547
3486	3528
216718	216871
79375	79384
183292	183307
52773	52803
190832	190859
178691	178778
46267	46312
169502	169556
136299	136320
78160	78175
196030	196036
193578	193635
190464	190530
153374	153512
152451	152577
9118	9151
205520	205529
125692	125779
229383	229398
169242	169284
105396	105405
197484	197526
96163	96172
196697	196721
120667	120727
115989	116022
67820	67919
18117	18138
127067	127286
83596	83617
147427	147448
167031	167067
225254	225278
95263	95329
92897	92942
162151	162178
64772	64805
96297	96315
93811	93823
201454	201469
157939	157954
89687	89714
221803	221809
78489	78567
191571	191643
178365	178395
218959	218968
208028	208154
95729	95750
109241	109265
125466	125472
67603	67639
180075	180195
213348	213597
185648	185744
131181	131277
64916	64922
13295	13358
102268	102322
219447	219474
4517	4643
160349	160364
81948	81954
85585	85591
45106	45172
123384	123504
161444	161624
145688	145724
68644	68692
70982	71318
154375	154405
223720	223798
92255	92327
195034	195067
171647	171671
142792	142834
170286	170322
157707	157773
111042	111093
87351	87375
28832	28883
158824	159019
199558	199768
13371	13485
29323	29341
107546	107555
147629	147665
180379	180388
149977	150013
106866	106908
34941	35004
157563	157605
126299	126329
31983	32007
166662	166680
193757	193796
153337	153373
54128	54341
74249	74276
69047	69254
183249	183270
138411	138420
211265	211277
3898	3997
184269	184380
31218	31239
220861	221032
27040	27091
74505	74514
141452	141461
126938	126962
184024	184180
178465	178501
56409	56484
122187	122196
66532	66577
26739	26745
128626	128668
83961	83985
175280	175292
159487	159499
160522	160651
150943	150961
211852	211996
26438	26486
28685	28745
155433	155472
201373	201382
43750	43780
214183	214402
228379	228400
188942	188954
135447	135567
89220	89292
13018	13087
124305	124329
96687	96729
61914	61956
211063	211093
151227	151251
64541	64559
138058	138157
4291	4366
41680	41818
133134	133353
3568	3613
194224	194236
101031	101103
93733	93790
132294	132321
42276	42306
63290	63383
139286	139364
157411	157426
144077	144173
154449	154458
124421	124472
86812	86839
186082	186154
160809	160896
9767	9812
43834	43849
117465	117507
17758	17833
203491	203578
73712	73760
69909	69918
141872	141905
16769	16826
205907	206162
155885	155912
6292	6433
97984	98029
25786	25795
153660	153879
198264	198279
169386	169488
88085	88298
95565	95577
195309	195357
26748	26787
1563	1572
109136	109229
103439	103445
121594	121624
196365	196413
39477	39570
21781	21787
97020	97041
57313	57361
61986	62148
220497	220527
43093	43114
151175	151187
118949	118985
27564	27702
207671	207782
166269	166293
84036	84048
79736	79745
75156	75261
228870	228942
212737	212890
227899	227956
175744	175795
215864	216056
206804	206852
99504	99564
9881	9980
199786	199972
46822	46951
35018	35081
64377	64422
133704	133845
82463	82490
222350	222392
183137	183149
97386	97635
73063	73093
78062	78068
229451	229466
160914	160935
95908	95974
4510	4516
19140	19200
29161	29242
214961	215105
76031	76142
131958	131994
52832	53039
157981	157990
131284	131350
202212	202371
105016	105049
82117	82252
10756	10867
39215	39308
177231	177321
32009	32042
27156	27216
179892	180066
128719	128746
123897	124044
131705	131762
67948	67981
225209	225248
173949	174045
168510	168615
80487	80580
26568	26637
26911	27013
73320	73458
225696	225816
198851	198866
165717	165738
21817	21862
89852	90062
229012	229165
217274	217280
111256	111382
83844	83853
197570	197600
227783	227828
2911	2938
17548	17638
229204	229219
62840	62936
91215	91287
34482	34500
157449	157521
138256	138325
18320	18383
29509	29593
172877	173147
92349	92436
226715	226763
15663	15729
33213	33246
42081	42087
111750	111984
51392	51398
21504	21558
86457	86535
138332	138377
45486	45513
84952	84982
12466	12490
54671	54779
122935	122944
73778	73784
79295	79352
25806	25956
59065	59119
65139	65199
20292	20385
126962	126980
113646	113850
14393	14429
181669	181684
93193	93346
216882	216915
41314	41464
52390	52396
152154	152169
108259	108265
224277	224355
117528	117615
99626	99683
41575	41581
196581	196683
13282	13291
87596	87716
224951	225032
99347	99353
91717	91747
61860	61890
91901	92078
192761	192782
138441	138522
147552	147603
20418	20490
153591	153600
180917	181121
124763	124781
88511	88535
37717	37726
218144	218282
3166	3184
80180	80273
96567	96609
16262	16388
77122	77293
181696	181720
134268	134307
189405	189552
38744	38864
189829	189943
60562	60583
116739	116763
82908	83016
86333	86339
74528	74537
78575	78668
165928	165991
167474	167486
175879	175909
80613	80730
165792	165843
161423	161444
209072	209201
155401	155422
68070	68133
224462	224543
158491	158536
51859	52006
104325	104589
65479	65542
220135	220156
178248	178326
59902	59956
113143	113503
134371	134416
171527	171647
40797	40824
56743	56854
112291	112297
85784	85931
47058	47406
47515	47542
161935	161956
151808	151859
212931	212970
218429	218501
135178	135232
214800	214806
196785	196836
75893	75980
214701	214728
166181	166229
214685	214691
131835	131949
319	364
58690	58849
74866	75019
31294	31300
79548	79557
196933	196969
64691	64742
209639	209732
44539	45004
99257	99281
186307	186493
136460	136469
88981	89143
169290	169338
72622	72667
36501	36651
168455	168506
118418	118607
97742	97871
128074	128149
22707	22716
12508	12535
6577	6640
46329	46371
21409	21421
27745	27898
14182	14323
205360	205390
95702	95714
69388	69409
112298	112478
86168	86297
104181	104295
200105	200267
40734	40785
76651	76726
198796	198811
107894	108035
76170	76233
26128	26149
128826	128901
220009	220054
197095	197218
177021	177078
60589	60613
194392	194599
5247	5286
162624	162678
112658	112712
58873	59023
110615	110747
49943	49970
132205	132220
60285	60300
101841	101958
203403	203481
187989	188067
127336	127387
57869	57944
119877	120099
222881	222938
145753	145810
198924	199092
159919	160051
94036	94126
73196	73304
210353	210422
13854	13869
53837	53849
116834	117005
40568	40634
58276	58501
94794	94818
35293	35383
71791	71947
167727	167850
148447	148507
51637	51643
94311	94341
73654	73693
223984	224014
213307	213340
92992	93007
35836	35893
36808	36934
223864	223915
167983	167992
151413	151506
108980	109016
210856	210919
68704	68800
8266	8341
202140	202149
200740	200914
140132	140192
166115	166178
135253	135334
186944	187220
205318	205351
8887	8917
157614	157674
96677	96686
166028	166088
11493	11502
125418	125448
77821	77887
68844	69030
105444	105462
136883	136910
25203	25224
121330	121354
61353	61458
94649	94754
108966	108975
174415	174472
142247	142283
194247	194271
22783	22801
7461	7656
41928	42018
142915	142957
126756	126894
135699	135756
15199	15280
71460	71469
2498	2768
142724	142778
123168	123381
171380	171479
89351	89426
222134	222206
93908	93938
166351	166402
23731	23785
60302	60401
54560	54581
118009	118084
81434	81590
133999	134026
41598	41616
225631	225691
151525	151648
24362	24491
97123	97138
13659	13707
221496	221604
24953	24959
165301	165328
30393	30459
49332	49392
163489	163603
86339	86414
390	438
104989	105004
1686	1764
54095	54107
103888	103918
55309	55438
33161	33203
123034	123130
62397	62499
47908	48019
210055	210082
62627	62693
195265	195283
17046	17094
145077	145212
95404	95521
28945	29008
22468	22489
79094	79127
101453	101516
134108	134168
51251	51311
73142	73154
51814	51850
79401	79407
48524	48617
178998	179193
71594	71627
104615	104621
104670	104697
130412	130487
31589	31727
32153	32165
224894	224930
217909	217987
153915	154041
136042	136132
27902	28067
62328	62364
12196	12301
190139	190190
12567	12573
211389	211401
65598	65616
109456	109591
78735	78816
131620	131641
123667	123769
207090	207105
146998	147043
203989	204166
37665	37716
84579	84588
86902	86911
196055	196100
111577	111655
132692	132734
92712	92778
193887	193917
79750	79807
164320	164347
62	125
87971	88028
159604	159658
119183	119207
202803	202854
208235	208307
42686	42818
116261	116438
164238	164295
176328	176397
172141	172255
63656	63776
86658	86703
69594	69642
37812	37944
50965	50989
176650	176713
5601	5619
66779	66899
87575	87596
74370	74433
92665	92704
138552	138579
147892	147952
75480	75549
224579	224651
91522	91684
220250	220298
195242	195254
99735	99873
25103	25202
172008	172029
140352	140421
53578	53665
213075	213252
177991	178048
36422	36458
46068	46146
183913	183973
102139	102166
185460	185466
191283	191313
143322	143376
172696	172846
2212	2299
83417	83576
98491	98557
30196	30304
117958	117988
144370	144550
207883	207922
142320	142368
217532	217577
185389	185419
153186	153192
218540	218567
76969	76987
201199	201220
173579	173642
193425	193542
130096	130333
30936	31023
154144	154180
25311	25347
39981	40020
154241	154247
56343	56403
152306	152318
219211	219223
64063	64108
138223	138229
166480	166504
135767	135920
595	628
61705	61816
107108	107201
210517	210541
173327	173489
184395	184419
81208	81289
175432	175444
61528	61558
210639	210684
178940	178952
157819	157903
186667	186694
167685	167694
35558	35612
63122	63170
195366	195438
214903	214915
5197	5236
118091	118220
162027	162060
146639	146681
207492	207513
38409	38586
63193	63283
88537	88609
117805	117832
80063	80174
141081	141240
74572	74611
120521	120539
96172	96274
86949	86997
16534	16591
209565	209634
183556	183580
98995	99109
110774	110795
12797	12806
156808	156841
13756	13774
54035	54050
5624	5708
160460	160490
67162	67249
96963	96996
168884	169076
17118	17502
137258	137363
7902	7929
124051	124138
131773	131791
189090	189201
32676	32721
67985	68054
181946	182012
91140	91152
23835	23874
108375	108390
3654	3663
90195	90213
216948	216963
210996	211062
171697	171739
127576	127675
8751	8760
140010	140031
31090	31105
119312	119321
121646	121745
184604	184733
86754	86790
18390	18399
46377	46572
1779	1971
33444	33501
190632	190677
162701	162881
65699	65804
133949	133994
202878	202890
133858	133909
58221	58236
155308	155401
90796	90832
216602	216626
72340	72418
228528	228534
12943	13000
69313	69358
82424	82451
46603	46645
186544	186586
134771	134786
131815	131833
149419	149467
124814	124832
174834	174861
18594	18687
25752	25773
791	854
149665	149671
43414	43528
140556	140589
152360	152399
27239	27308
8450	8489
33811	33946
209798	210047
227961	228093
15869	15995
38865	38883
112228	112273
222840	222873
14117	14144
197011	197095
77379	77406
66459	66480
17659	17725
31846	31975
87231	87324
204214	204331
176148	176202
204428	204626
199139	199244
211363	211381
172255	172426
135996	136035
43139	43202
176540	176618
88400	88511
127915	127942
118609	118654
23436	23472
182587	182674
36663	36807
107484	107514
90069	90195
161668	161767
106057	106063
129434	129590
190211	190256
141274	141433
7251	7392
55489	55639
1245	1320
229718	229829
1400	1487
94443	94530
85332	85401
170878	170959
203967	203985
72687	73035
185582	185621
28749	28767
154914	154980
45330	45345
93569	93596
98596	98827
162121	162145
163947	163992
177495	177528
203606	203651
8094	8127
143546	143774
185227	185365
174512	174689
160379	160451
146855	146867
210183	210240
221390	221402
192040	192172
183019	183127
51030	51084
138662	138725
49983	49998
59841	59859
225051	225153
78848	78968
53443	53509
190263	190446
175147	175267
220239	220245
22158	22230
18499	18514
3295	3328
158436	158490
1006	1018
125782	125986
7727	7871
207369	207447
214112	214145
229242	229263
148169	148181
18218	18299
34728	34905
158000	158102
152938	152953
173703	173835
80876	80891
217439	217487
198374	198422
83297	83327
103934	103952
59720	59738
109631	109661
179617	179647
78224	78410
193079	193091
25425	25449
51167	51176
60430	60436
208316	208355
191207	191216
229900	229918
60109	60127
81634	81697
151040	151166
53704	53725
207179	207194
59558	59639
114392	114404
180735	180867
35108	35123
172446	172485
97162	97186
143430	143499
119117	119162
126671	126713
200434	200494
154475	154496
175826	175844
57127	57172
211438	211555
30333	30375
194818	194917
177844	177937
7672	7690
81734	81767
95823	95847
103135	103210
226564	226672
220429	220447
53912	53960
170038	170071
76544	76586
142137	142170
60249	60264
188783	188855
180694	180709
931	982
15766	15823
89763	89820
175085	175142
203107	203134
149284	149305
148776	148782
22641	22698
59350	59419
66587	66737
229841	229889
85259	85265
156658	156739
194082	194106
40482	40524
43335	43404
77680	77797
167083	167098
192211	192241
41173	41209
62780	62792
72483	72516
228498	228510
134470	134503
104044	104080
223127	223187
191807	191846
79225	79246
47749	47839
188583	188607
24538	24775
109778	109829
46147	46192
44277	44496
90261	90267
56588	56711
136965	137073
70886	70964
132372	132417
11646	11682
122974	122995
138739	138775
201962	201971
165687	165702
101593	101710
122618	122795
63804	63834
201682	201799
129755	129779
89435	89441
145362	145482
11956	11968
166621	166660
155541	155709
150587	150722
170995	171031
91046	91067
185192	185222
69950	70049
106916	107021
226215	226275
179703	179835
108421	108484
204382	204388
181177	181231
120549	120609
86602	86635
180311	180341
99909	100434
105420	105435
23056	23089
14766	14844
150295	150454
3338	3377
225917	226205
203252	203267
153147	153159
142489	142612
9059	9065
96067	96142
118799	118916
139998	140007
127433	127547
152954	153068
127785	127857
71335	71377
129068	129107
17957	17966
40435	40474
40171	40210
21002	21077
14582	14753
210422	210452
134574	134583
168206	168332
94185	94236
36304	36376
22491	22500
83682	83805
91090	91114
170078	170225
50513	50519
203218	203245
45405	45423
131009	131063
208958	209015
169126	169171
137790	137880
101256	101277
141636	141654
60959	61025
105750	105909
184908	184977
12067	12097
511	517
2440	2479
86124	86160
217848	217869
146972	146993
114030	114243
201244	201253
134033	134054
9540	9666
18426	18465
219501	219855
94851	94878
63858	63987
188680	188707
22833	22854
23111	23150
191992	192019
15153	15165
96787	96856
183397	183424
4402	4468
106377	106560
16164	16230
53974	53992
29367	29508
148820	148901
163180	163342
138961	139156
44167	44203
34629	34650
67927	67939
164423	164465
185517	185550
164633	164834
28378	28570
68556	68592
4653	5103
158622	158778
145852	145927
114339	114375
124744	124750
182131	182158
104002	104041
39334	39436
184470	184596
59223	59334
27388	27400
64808	64814
196527	196536
146499	146556
180347	180377
58130	58166
200549	200627
12305	12323
75578	75893
55683	55719
62518	62569
216656	216716
161858	161882
154771	154852
147292	147298
6930	7035
86060	86117
54603	54648
45345	45375
106065	106074
61025	61046
20166	20256
6683	6917
24071	24185
98052	98175
79810	79876
207112	207127
6517	6532
122317	122467
125993	126047
74456	74468
158201	158210
112157	112214
187889	187961
162895	163135
79014	79035
28793	28799
67358	67520
84909	84924
154267	154351
190072	190099
124520	124574
154518	154536
151307	151319
187265	187445
183209	183215
211651	211783
100820	100946
15642	15648
142616	142628
69436	69550
20777	20861
194632	194704
195622	195784
193741	193756
175295	175352
156968	156980
152906	152933
58524	58566
198299	198362
160682	160799
81033	81096
102083	102110
152813	152879
219909	219975
154569	154599
145485	145560
43780	43789
45173	45299
219030	219072
196109	196154
37385	37469
171091	171154
25023	25038
10468	10519
48666	48699
179417	179498
63618	63648
144269	144302
52167	52239
27487	27541
2128	2179
156047	156218
175573	175663
209452	209464
167303	167366
218832	218868
97658	97688
167523	167547
124382	124397
203046	203100
23163	23211
90224	90260
56991	57012
139858	139894
11361	11421
229973	230168
190931	191003
160077	160155
57965	58049
107029	107056
16701	16746
206576	206666
23339	23369
29756	29777
126522	126564
32222	32231
21934	22141
96897	96933
103513	103636
198240	198255
219009	219021
15288	15369
126144	126213
117045	117054
110196	110316
119477	119540
19518	19536
159529	159562
156230	156305
42868	42952
192432	192453
30884	30935
156847	156853
152199	152241
114552	114693
174224	174236
184763	184889
181299	181308
2836	2881
109901	109988
88747	88921
120984	121062
125221	125230
84255	84363
119756	119834
90576	90747
99620	99626
159690	159789
166858	166888
24850	24928
180493	180664
125034	125220
74014	74038
87741	87798
226916	227159
132819	132951
87879	87942
107651	107759
132557	132605
66259	66421
215188	215335
172525	172642
124585	124690
176048	176096
192186	192201
11536	11566
122247	122253
141029	141038
78692	78728
92609	92657
137084	137237
229532	229634
163605	163779
222216	222246
136647	136866
68461	68473
195303	195309
93536	93542
191895	191904
221728	221785
203723	203762
199372	199417
80335	80407
54987	55002
205080	205266
186168	186198
157	163
12592	12787
118988	119057
188608	188644
67718	67733
82315	82366
81129	81201
227839	227878
37257	37338
162254	162308
33537	33639
70097	70448
175915	175942
206512	206569
221318	221351
163786	163825
62605	62614
152622	152745
221651	221675
206746	206794
75020	75089
149529	149655
90291	90360
228828	228858
19849	19933
184980	185088
151936	152107
103794	103887
167225	167297
96008	96044
62965	63103
163477	163483
33352	33367
195988	196012
99579	99597
147174	147291
155739	155775
197359	197374
40886	41120
75279	75429
130494	130641
9022	9058
222095	222125
111492	111534
219126	219189
144570	145068
136364	136442
93700	93727
219230	219389
3677	3722
33296	33338
5776	6019
178084	178216
154062	154134
2352	2358
70456	70537
23370	23415
115491	115677
46962	47013
11590	11632
129991	130069
154991	155180
35195	35231
140199	140265
65827	66109
137496	137622
10242	10386
202009	202015
36171	36240
217752	217764
207217	207325
48263	48476
205612	205687
214493	214676
183855	183882
197301	197322
216201	216327
84429	84531
127032	127065
31388	31514
13775	13823
120402	120417
121757	122180
221990	221996
148592	148637
39914	39959
99452	99503
218740	218827
55093	55216
113041	113119
174885	174972
74706	74730
143042	143138
110365	110404
197945	198053
191335	191377
178598	178628
43946	44153
222794	222803
226391	226481
210725	210788
163431	163467
1105	1180
106098	106356
108182	108212
79149	79221
14071	14095
65034	65121
55240	55291
143189	143240
32238	32343
165552	165585
113931	113997
69837	69864
52128	52149
46665	46704
225455	225614
198069	198111
102488	102494
154181	154241
15509	15551
155199	155235
201887	201938
52654	52738
10890	10998
115443	115467
166514	166619
52021	52090
1544	1559
73521	73599
50779	50794
46753	46795
68254	68308
158218	158233
181760	181868
105061	105106
15488	15509
170235	170286
23217	23268
129329	129383
129894	129975
39724	39775
220177	220225
67286	67343
96360	96543
222487	222520
224782	224866
213667	213808
64883	64901
166	175
94897	95209
110897	110999
225858	225885
217020	217101
77557	77563
149066	149081
24222	24234
210921	210984
159271	159313
22858	22864
112148	112157
124196	124268
177537	177600
108647	108692
186620	186638
164933	164945
168000	168201
99570	99576
120113	120371
223343	223358
130791	130809
65228	65249
108574	108589
202532	202652
176501	176534
50597	50666
176263	176323
12915	12927
93479	93506
221089	221152
8652	8694
222268	222277
210487	210499
138792	138825
128250	128379
123827	123854
182930	183008
116553	116592
189326	189371
122830	122932
20673	20691
227203	227350
159052	159211
22559	22610
115288	115366
62226	62274
18905	18923
92117	92216
197849	197906
12405	12438
76468	76495
91358	91376
176764	176911
175687	175741
109342	109387

