// Matrix 4D (20x3x17x20)

=A,C=

A	203	212	208	185	215	199	206	189	183	2160	147	166	186	193	184	176	190	
C	44	47	40	28	40	46	38	43	43	0	45	35	41	33	43	41	39	
D	107	126	109	108	127	115	133	136	150	0	197	148	132	148	115	128	113	
E	115	112	126	108	122	109	120	104	100	0	120	106	114	100	122	123	117	
F	66	111	88	96	88	80	82	85	85	0	54	81	73	82	98	84	94	
G	185	166	176	172	166	163	184	200	264	0	285	273	180	170	147	189	148	
H	54	54	62	57	38	49	43	55	39	0	45	57	41	44	55	41	46	
I	119	115	138	143	128	136	111	105	84	0	60	94	98	121	126	131	144	
K	132	124	117	122	113	129	124	99	116	0	122	123	124	104	93	99	96	
L	174	179	178	175	180	199	184	170	136	0	107	123	138	167	179	153	163	
M	46	44	37	34	40	38	49	37	22	0	32	37	30	38	39	35	45	
N	87	91	80	97	88	79	87	122	131	0	125	129	105	85	104	95	88	
P	98	90	92	104	95	108	128	149	142	0	204	142	188	124	110	110	119	
Q	89	76	75	84	78	69	72	80	70	0	59	67	67	88	85	89	79	
R	95	108	93	94	79	101	93	72	85	0	80	76	77	74	77	88	94	
S	139	122	133	120	141	140	136	144	170	0	161	167	168	152	118	140	137	
T	124	125	131	151	137	132	129	130	121	0	146	137	154	158	136	130	142	
V	180	144	157	172	169	166	134	128	122	0	85	112	152	159	193	194	175	
W	37	29	45	28	40	23	29	25	25	0	26	27	23	33	45	27	42	
Y	66	82	74	80	75	77	76	83	69	0	58	60	66	87	86	86	86	


=A,E=

A	105	113	97	98	95	86	80	83	95	1122	85	86	81	72	101	98	107	
C	24	15	16	17	15	14	23	12	20	0	26	22	23	16	15	14	15	
D	72	53	84	56	69	59	53	50	35	0	44	53	81	83	63	65	85	
E	49	58	70	52	72	44	37	48	39	0	43	38	57	71	62	56	62	
F	40	29	30	32	37	49	26	43	53	0	59	57	48	53	46	43	34	
G	81	111	90	116	146	122	114	117	92	0	79	85	113	117	104	138	112	
H	22	27	30	36	26	37	33	23	23	0	35	32	22	28	22	29	19	
I	53	52	53	54	48	77	70	92	110	0	102	88	64	53	46	44	49	
K	81	68	67	77	68	67	82	57	50	0	41	52	52	46	52	68	64	
L	87	92	90	85	72	82	77	92	91	0	95	88	65	68	62	62	71	
M	20	15	19	17	15	17	21	18	27	0	26	19	23	18	12	16	18	
N	60	49	59	70	62	50	67	38	37	0	50	54	53	56	66	61	54	
P	57	58	54	59	53	49	42	50	26	0	31	43	51	60	78	70	58	
Q	44	42	37	28	30	31	28	31	29	0	27	28	29	36	31	36	40	
R	53	45	35	46	52	56	63	57	50	0	35	37	52	30	40	48	53	
S	75	79	95	86	74	68	76	64	57	0	63	74	87	91	97	89	83	
T	69	71	76	71	67	66	74	57	77	0	79	75	72	83	94	59	68	
V	77	85	66	67	72	86	98	126	129	0	137	118	96	86	81	82	71	
W	12	15	18	12	13	14	15	13	25	0	16	22	23	15	11	9	16	
Y	37	44	32	42	33	47	41	47	54	0	46	50	28	38	38	32	42	


=A,H=

A	313	351	356	350	341	448	390	440	416	3323	463	459	411	469	369	361	363	
C	41	46	36	35	44	53	38	34	27	0	39	42	46	40	42	45	39	
D	220	217	209	231	231	241	220	220	211	0	158	146	150	155	169	182	166	
E	198	213	204	209	203	224	241	257	271	0	248	276	220	214	204	221	200	
F	129	124	126	105	123	95	110	104	115	0	115	117	116	119	117	114	141	
G	304	267	277	258	230	251	205	164	116	0	161	216	219	304	243	249	285	
H	68	59	77	71	65	52	69	51	44	0	60	55	69	57	62	70	75	
I	172	154	174	165	174	157	198	158	187	0	178	169	197	152	186	188	179	
K	161	172	169	171	196	149	184	184	211	0	247	255	243	236	261	217	205	
L	287	317	286	310	300	272	320	323	354	0	410	344	373	331	356	350	304	
M	72	54	78	63	89	79	82	81	83	0	84	67	83	93	64	78	62	
N	158	160	151	156	149	134	137	153	152	0	129	124	156	118	150	134	136	
P	133	144	148	137	130	147	115	105	100	0	26	41	52	89	111	127	137	
Q	123	123	128	135	147	129	126	155	165	0	166	139	155	134	130	113	153	
R	136	157	149	151	137	129	155	181	161	0	180	219	198	186	169	172	166	
S	230	201	201	221	204	219	162	173	178	0	160	152	151	167	162	155	170	
T	212	187	184	184	187	191	174	180	166	0	117	136	142	119	133	196	174	
V	215	216	215	219	229	203	249	223	215	0	210	201	203	181	229	214	215	
W	43	38	52	45	47	47	40	46	50	0	58	31	27	57	57	28	42	
Y	105	121	101	105	94	102	106	90	100	0	112	130	108	97	103	105	108	


=C,C=

A	34	40	33	21	50	40	39	35	46	0	40	31	36	52	48	33	46	
C	12	28	17	23	17	26	21	8	3	479	6	9	33	16	18	33	26	
D	25	30	29	32	23	19	25	21	33	0	26	29	26	32	24	23	21	
E	28	21	31	28	22	17	27	32	17	0	13	28	20	24	21	34	23	
F	16	13	21	9	20	15	21	15	13	0	8	14	24	12	14	16	16	
G	37	51	51	45	33	43	50	55	66	0	69	51	56	44	45	40	35	
H	9	11	7	7	9	14	12	11	14	0	22	13	13	21	11	16	11	
I	24	30	20	28	22	23	30	22	9	0	17	22	25	20	22	21	20	
K	29	28	31	24	25	17	19	33	28	0	20	20	17	27	24	19	30	
L	33	36	41	34	43	45	37	34	23	0	25	32	24	26	39	32	44	
M	17	9	8	8	13	4	8	4	6	0	6	7	5	11	10	7	9	
N	30	23	18	25	17	18	23	29	32	0	23	30	29	17	15	31	18	
P	31	22	24	27	23	22	19	34	36	0	63	41	27	22	28	18	16	
Q	12	10	17	19	14	16	18	13	14	0	18	14	14	15	14	13	16	
R	26	20	22	20	26	22	14	18	26	0	27	19	16	18	24	31	28	
S	28	22	29	30	28	42	42	35	38	0	39	41	45	36	32	33	42	
T	27	31	27	36	24	24	21	27	32	0	28	29	30	27	31	21	33	
V	32	30	26	40	47	33	27	26	22	0	18	20	24	31	41	27	26	
W	7	4	6	6	8	13	4	9	8	0	2	7	4	10	3	11	8	
Y	22	20	21	17	15	26	22	18	13	0	9	22	11	18	15	20	11	


=C,E=

A	29	35	30	31	24	18	28	19	25	0	25	21	24	24	22	23	19	
C	10	10	17	20	13	11	7	10	13	369	11	11	5	10	11	9	19	
D	10	16	25	25	22	21	23	11	9	0	14	19	20	29	32	30	23	
E	19	16	27	24	15	20	16	15	15	0	20	16	17	17	21	22	21	
F	13	12	12	5	13	5	10	13	11	0	14	17	17	7	9	12	6	
G	30	31	34	27	46	46	46	46	21	0	26	35	37	45	51	38	30	
H	8	10	7	10	7	8	10	6	13	0	8	7	9	12	8	7	9	
I	15	12	14	11	18	23	15	20	26	0	22	20	20	14	15	20	13	
K	26	27	12	28	18	22	25	17	21	0	14	14	23	24	12	25	21	
L	41	23	27	17	29	24	17	37	36	0	29	42	22	25	23	14	26	
M	8	7	6	6	3	9	3	7	6	0	8	8	8	9	6	3	4	
N	21	27	19	22	21	26	21	22	16	0	10	12	21	22	17	19	17	
P	19	18	18	17	14	17	12	13	11	0	8	13	18	25	26	18	21	
Q	14	12	9	16	12	8	10	11	10	0	17	13	15	16	9	9	15	
R	15	19	18	16	19	20	22	6	16	0	23	16	9	12	12	12	25	
S	17	25	27	29	34	23	27	24	33	0	34	28	27	27	36	28	32	
T	21	23	26	29	23	17	22	29	36	0	25	21	23	18	25	30	19	
V	26	21	27	23	21	23	26	42	26	0	35	37	28	13	19	20	31	
W	8	3	4	0	2	10	11	4	4	0	8	5	12	5	5	4	7	
Y	19	22	10	13	15	17	18	17	20	0	18	14	14	15	9	26	11	


=C,H=

A	28	30	30	47	29	34	43	43	39	0	24	38	37	37	29	27	26	
C	8	4	22	8	7	9	19	4	7	329	7	4	8	16	7	4	11	
D	24	27	17	26	17	15	21	30	18	0	23	21	10	8	12	27	21	
E	19	15	10	25	25	14	15	25	14	0	22	29	22	16	24	29	11	
F	8	11	13	16	7	11	12	7	10	0	15	6	15	21	10	14	15	
G	35	37	35	32	26	21	24	27	27	0	21	21	15	37	32	27	38	
H	10	6	7	9	6	5	6	3	14	0	12	11	14	12	3	4	7	
I	18	19	20	12	19	23	20	12	16	0	12	14	18	14	14	13	21	
K	15	15	10	11	24	16	19	17	15	0	22	26	14	19	21	25	12	
L	32	24	22	22	28	37	16	24	34	0	34	27	53	36	26	35	38	
M	11	6	4	6	9	9	8	4	9	0	3	7	10	5	8	11	10	
N	15	19	18	13	21	15	20	17	12	0	20	15	11	15	17	18	11	
P	6	7	19	10	11	7	12	10	11	0	1	6	7	5	16	10	18	
Q	12	7	12	12	20	9	11	16	13	0	24	27	9	10	17	7	9	
R	19	16	9	19	16	12	14	28	16	0	22	22	18	10	20	9	18	
S	15	21	19	21	25	20	21	11	24	0	14	15	15	19	20	20	12	
T	23	25	18	18	16	27	13	22	15	0	19	18	11	13	15	17	15	
V	17	19	24	9	14	27	20	20	22	0	17	16	22	21	22	16	18	
W	3	5	3	1	3	3	3	2	1	0	4	0	1	6	5	1	4	
Y	10	16	17	12	6	15	11	7	12	0	13	6	19	9	11	14	14	


=D,C=

A	218	191	201	208	197	224	203	184	215	0	172	212	197	210	210	198	220	
C	42	39	43	54	39	42	32	42	35	0	30	25	37	36	37	45	34	
D	144	158	146	123	145	126	116	150	150	2591	154	159	140	135	155	154	147	
E	142	185	137	134	129	132	142	123	117	0	131	171	123	122	137	146	169	
F	116	108	110	121	121	138	131	116	102	0	96	84	112	132	116	108	112	
G	221	222	173	198	180	194	203	235	280	0	335	153	210	163	176	188	186	
H	49	67	60	54	43	63	76	67	66	0	51	47	55	51	57	50	60	
I	140	142	155	156	168	163	162	128	144	0	120	120	178	185	133	162	157	
K	134	153	149	148	142	162	149	166	156	0	157	177	152	114	145	148	154	
L	223	169	239	267	231	238	239	208	169	0	172	153	214	256	216	203	228	
M	68	55	49	56	57	65	45	54	46	0	28	44	46	44	62	48	37	
N	122	118	114	117	127	119	124	162	136	0	137	161	129	125	124	123	117	
P	132	123	122	129	126	110	126	138	191	0	201	171	143	113	117	122	103	
Q	104	90	102	80	99	92	93	81	73	0	71	104	92	98	109	94	86	
R	110	135	137	113	133	103	115	110	107	0	101	122	108	94	139	123	109	
S	139	143	129	155	148	122	134	194	168	0	179	203	144	151	176	168	162	
T	171	175	168	134	152	151	158	160	151	0	168	179	195	169	152	147	156	
V	181	186	212	208	191	201	177	147	159	0	142	175	176	219	189	207	192	
W	38	31	36	47	39	39	40	40	34	0	44	29	51	53	50	53	34	
Y	97	100	109	89	123	107	126	86	92	0	101	101	88	121	91	104	128	


=D,E=

A	43	45	43	37	24	32	30	31	39	0	45	32	41	38	55	36	42	
C	11	10	8	9	4	13	7	6	7	0	7	6	11	8	7	7	7	
D	28	35	37	28	40	29	36	23	7	550	19	33	29	36	35	31	43	
E	20	30	22	28	29	29	30	32	15	0	19	26	25	32	32	39	27	
F	19	18	23	20	11	16	29	28	43	0	42	17	20	22	25	14	18	
G	57	57	51	48	62	61	49	41	40	0	29	43	51	61	46	56	51	
H	9	13	18	11	19	9	13	13	7	0	8	16	15	16	7	14	15	
I	31	33	35	31	25	33	42	50	73	0	61	43	37	30	24	38	21	
K	39	40	32	36	42	16	23	26	15	0	12	41	27	23	36	26	34	
L	49	43	35	40	41	48	50	47	73	0	61	24	37	31	47	34	35	
M	9	15	9	9	9	9	9	15	10	0	11	5	9	6	8	7	6	
N	29	32	41	27	31	22	18	21	9	0	30	24	27	35	28	26	27	
P	26	24	38	25	25	20	18	20	11	0	18	18	19	21	18	31	22	
Q	21	24	22	16	18	14	16	17	15	0	7	25	19	28	16	14	24	
R	19	26	16	32	27	21	28	24	12	0	12	39	26	16	26	22	25	
S	43	29	33	39	34	43	37	25	20	0	43	35	40	37	35	45	41	
T	31	32	31	39	42	49	31	44	25	0	28	35	42	37	43	42	35	
V	37	23	32	30	36	57	50	58	70	0	61	45	36	40	36	40	43	
W	6	4	8	11	7	11	12	8	22	0	11	15	13	13	7	10	14	
Y	23	17	16	34	24	18	22	21	37	0	26	28	26	20	19	18	20	


=D,H=

A	126	142	123	133	130	137	130	133	143	0	176	161	166	160	164	148	138	
C	19	17	15	19	26	15	17	22	20	0	22	32	18	10	18	29	23	
D	83	85	104	91	77	90	94	62	83	1419	67	44	72	77	64	56	99	
E	70	92	130	91	87	85	99	57	97	0	115	65	79	105	72	71	104	
F	69	58	44	61	62	40	49	81	58	0	78	85	50	40	67	69	47	
G	120	114	112	100	117	113	89	82	71	0	48	82	81	85	84	107	115	
H	32	29	22	27	35	29	31	29	22	0	24	20	25	31	36	25	23	
I	98	83	77	66	79	73	72	113	95	0	85	141	89	54	89	97	91	
K	73	78	86	80	82	134	95	50	102	0	99	52	137	139	90	92	106	
L	139	126	122	139	129	110	126	181	151	0	148	223	123	99	164	166	121	
M	35	37	32	35	31	24	26	43	34	0	37	57	46	27	41	36	22	
N	74	63	73	56	57	72	72	61	52	0	46	34	60	88	49	50	67	
P	53	52	61	57	54	61	50	56	50	0	9	21	41	43	36	46	51	
Q	49	53	57	56	47	89	65	37	53	0	55	52	52	73	48	56	47	
R	68	50	57	67	51	83	74	52	97	0	69	45	100	96	59	59	84	
S	84	76	75	93	86	66	115	68	63	0	61	36	51	82	64	64	79	
T	71	85	73	95	83	75	78	109	70	0	64	55	54	66	79	62	68	
V	87	111	97	78	102	73	71	121	82	0	103	128	98	72	96	106	72	
W	18	20	14	26	26	14	19	13	21	0	34	28	20	14	19	22	11	
Y	51	48	45	49	58	36	47	49	55	0	79	58	57	58	79	58	50	


=E,C=

A	132	112	121	124	135	126	119	108	123	0	93	97	88	93	125	115	118	
C	17	31	29	43	27	21	31	33	17	0	14	27	25	19	23	22	34	
D	91	89	94	75	71	73	74	95	115	0	107	100	97	82	90	102	106	
E	88	95	86	81	99	81	84	104	89	1563	86	84	102	96	108	97	101	
F	61	73	56	72	81	78	82	66	48	0	42	64	70	87	58	74	64	
G	117	126	142	122	99	116	131	129	175	0	191	161	105	104	111	94	121	
H	36	31	44	45	44	39	47	39	39	0	52	34	43	34	31	37	36	
I	84	115	109	98	100	114	81	77	65	0	50	87	69	109	95	99	89	
K	103	97	82	82	98	98	121	106	95	0	107	111	98	79	89	83	74	
L	153	147	162	145	143	166	149	131	98	0	81	108	143	144	144	151	121	
M	39	33	29	43	30	35	30	24	16	0	29	29	21	31	32	30	29	
N	59	62	60	53	65	77	66	84	99	0	97	81	78	62	73	62	68	
P	74	62	62	77	74	78	74	92	121	0	132	115	110	99	80	71	70	
Q	51	50	40	57	54	56	61	61	47	0	50	62	51	45	49	45	56	
R	76	75	69	84	62	59	62	55	69	0	81	57	60	57	63	75	64	
S	90	96	68	81	81	78	94	102	105	0	89	75	97	87	92	104	104	
T	89	86	86	71	90	70	75	111	86	0	111	87	93	102	92	86	91	
V	119	100	137	113	122	109	99	89	73	0	84	110	129	132	112	123	135	
W	29	22	26	28	22	30	22	15	22	0	21	31	18	27	28	24	22	
Y	55	61	61	68	66	59	61	42	60	0	45	43	66	74	68	68	60	


=E,E=

A	56	50	57	51	41	47	48	40	42	0	43	54	44	49	56	46	64	
C	12	8	11	11	9	13	8	8	15	0	15	14	13	13	9	11	10	
D	39	32	49	40	49	43	35	43	14	0	18	48	61	57	53	41	36	
E	51	48	34	45	46	40	37	26	26	705	28	33	31	42	41	42	33	
F	21	25	22	34	26	33	34	31	45	0	46	26	36	29	22	27	28	
G	48	66	65	66	65	61	61	71	45	0	47	51	72	64	56	75	71	
H	12	5	15	32	10	12	20	22	10	0	6	28	18	15	25	22	17	
I	46	51	35	30	36	48	59	46	80	0	74	42	43	37	35	26	28	
K	56	50	46	51	63	49	39	45	37	0	31	42	34	46	43	41	49	
L	49	68	48	52	47	42	57	37	67	0	77	42	50	48	44	48	42	
M	12	15	16	13	11	11	11	10	17	0	11	12	10	12	12	16	9	
N	40	36	34	38	39	41	28	28	19	0	24	42	29	29	32	43	40	
P	35	31	29	32	46	34	37	15	10	0	24	26	41	45	44	38	36	
Q	28	15	29	18	21	16	21	23	19	0	18	16	21	12	23	23	20	
R	33	34	36	34	38	29	26	22	28	0	28	27	28	22	29	28	29	
S	42	50	40	40	29	45	41	41	24	0	34	42	53	53	44	45	44	
T	42	36	54	36	44	50	39	62	35	0	37	58	38	33	45	40	53	
V	50	55	52	45	50	53	71	82	106	0	96	64	49	57	58	56	59	
W	9	7	5	12	8	13	8	19	27	0	12	15	9	13	9	12	7	
Y	24	23	28	25	27	25	25	34	39	0	36	23	25	28	25	25	30	


=E,H=

A	209	197	200	221	214	206	219	264	245	0	273	259	265	236	211	212	217	
C	27	35	17	31	28	23	20	33	22	0	17	33	20	17	30	45	23	
D	148	143	159	137	128	141	118	128	137	0	103	66	113	108	102	106	140	
E	143	180	204	149	130	182	167	130	207	2282	211	142	157	170	133	136	200	
F	106	79	88	102	104	66	92	100	87	0	93	121	80	71	109	107	92	
G	145	159	159	177	146	121	93	107	84	0	106	167	162	107	136	195	151	
H	52	55	46	37	52	55	48	40	47	0	46	43	53	52	58	36	36	
I	136	130	103	151	137	108	116	152	117	0	133	185	113	98	144	145	111	
K	113	148	136	109	141	202	169	104	165	0	188	134	229	237	155	167	211	
L	195	189	207	212	245	196	212	316	236	0	258	328	234	230	300	291	189	
M	48	47	48	58	50	48	49	66	48	0	60	62	36	62	69	45	41	
N	120	92	110	106	85	94	89	77	78	0	98	69	100	107	86	89	85	
P	107	131	89	95	99	97	83	81	123	0	11	32	59	67	64	80	89	
Q	83	93	96	90	95	140	97	86	101	0	120	74	108	104	65	75	115	
R	115	99	120	89	104	140	136	79	139	0	108	103	157	190	136	113	133	
S	122	123	142	126	116	111	148	133	108	0	100	83	89	105	92	97	122	
T	160	130	124	126	143	114	178	123	98	0	111	83	81	112	100	96	104	
V	148	153	122	154	150	142	146	154	152	0	139	178	132	93	153	132	134	
W	27	24	36	37	31	31	34	38	30	0	32	34	32	34	41	25	26	
Y	77	75	76	75	84	65	68	71	57	0	75	86	62	81	98	90	63	


=F,C=

A	79	75	84	69	92	84	83	69	62	0	65	65	67	67	88	79	71	
C	15	14	10	9	13	12	18	14	14	0	10	13	14	10	18	11	19	
D	58	60	55	58	56	61	64	71	73	0	77	90	67	86	54	56	72	
E	68	51	70	56	58	63	55	59	38	0	43	57	77	77	68	65	67	
F	37	37	45	44	54	30	39	30	29	958	20	31	35	32	40	36	45	
G	69	63	67	76	73	75	93	98	116	0	102	91	83	75	64	62	64	
H	24	29	23	16	19	19	17	33	29	0	23	29	25	18	16	26	22	
I	46	44	55	55	33	57	36	40	32	0	27	30	44	39	63	49	56	
K	57	63	67	54	56	50	41	76	58	0	56	44	60	56	45	78	62	
L	74	89	65	81	90	79	72	60	52	0	51	55	47	63	67	63	68	
M	14	21	19	24	27	20	17	18	10	0	17	14	24	12	23	20	19	
N	42	50	37	51	47	57	50	58	70	0	59	49	46	44	38	50	39	
P	47	50	46	46	51	54	40	50	84	0	113	92	65	60	60	51	52	
Q	39	30	33	28	27	30	39	31	43	0	34	34	31	38	27	44	37	
R	37	45	47	38	41	42	58	46	50	0	40	33	42	39	35	41	38	
S	54	67	65	62	50	63	64	63	63	0	89	69	71	68	65	54	68	
T	62	44	62	55	50	54	63	54	55	0	60	78	66	64	62	53	55	
V	84	79	58	78	59	59	57	48	41	0	39	44	51	57	66	69	66	
W	11	15	13	21	18	14	16	9	10	0	5	13	13	16	15	11	12	
Y	39	32	36	37	43	35	35	27	29	0	26	27	28	36	44	37	26	


=F,E=

A	88	76	75	77	74	60	53	67	62	0	67	59	60	63	57	67	69	
C	13	15	10	12	14	12	21	15	12	0	14	17	16	9	19	12	11	
D	56	56	59	65	63	65	61	34	47	0	61	51	74	62	65	77	62	
E	54	52	60	62	47	57	55	38	49	0	48	42	66	54	66	62	42	
F	33	39	35	29	23	31	34	46	37	956	40	40	35	32	33	27	40	
G	75	68	92	83	120	113	109	68	70	0	61	77	79	125	115	104	91	
H	20	17	17	28	21	26	25	31	22	0	37	20	25	34	21	18	26	
I	63	46	40	47	27	34	42	74	62	0	67	70	51	30	41	44	34	
K	64	65	55	57	69	67	52	55	45	0	55	36	48	48	53	54	54	
L	66	79	56	54	55	53	54	75	65	0	72	93	47	39	57	55	69	
M	15	11	16	16	17	16	12	30	15	0	12	19	13	15	13	12	17	
N	54	49	53	57	61	68	66	33	32	0	47	46	70	67	50	65	51	
P	39	64	55	48	64	47	55	32	33	0	17	52	60	48	50	60	58	
Q	29	43	44	33	35	32	29	34	42	0	28	23	33	35	31	31	33	
R	36	31	47	34	45	38	41	53	48	0	35	34	40	44	28	40	38	
S	71	62	78	75	60	50	66	50	68	0	74	66	77	78	81	73	78	
T	63	70	64	65	61	57	71	50	89	0	81	60	55	61	67	61	70	
V	71	60	47	66	54	71	73	105	112	0	93	89	62	57	57	44	76	
W	11	12	14	13	13	13	14	17	11	0	15	26	14	18	15	17	13	
Y	34	39	38	35	33	45	22	49	34	0	32	35	29	36	37	32	24	


=F,H=

A	88	87	95	97	93	107	97	116	105	0	121	109	93	92	104	90	108	
C	10	15	13	18	8	15	15	8	10	0	11	5	14	14	6	8	19	
D	84	75	59	69	79	72	64	84	94	0	66	85	68	47	68	70	42	
E	67	74	58	86	85	68	72	112	89	0	89	99	66	45	80	88	61	
F	37	42	49	38	30	43	39	27	40	1046	46	30	42	40	30	50	44	
G	78	80	79	76	72	69	65	63	50	0	68	55	54	64	66	59	67	
H	18	21	17	21	21	24	26	21	23	0	15	25	28	32	22	23	30	
I	65	56	61	61	60	60	62	44	43	0	55	32	66	70	46	41	62	
K	57	57	52	61	65	36	53	96	67	0	64	106	63	71	99	87	59	
L	76	79	94	74	70	103	92	61	74	0	111	60	120	143	85	88	118	
M	22	20	28	21	22	26	28	18	18	0	30	25	34	38	17	19	27	
N	57	42	60	50	55	53	34	41	50	0	50	56	52	45	59	63	43	
P	53	60	40	51	38	32	44	49	34	0	11	18	23	30	46	52	48	
Q	36	29	30	47	47	39	36	35	37	0	43	71	34	34	56	50	31	
R	44	38	61	54	48	44	60	73	62	0	49	74	50	42	51	59	55	
S	64	67	75	59	73	65	59	62	66	0	55	60	63	46	55	57	50	
T	54	74	62	60	62	74	52	45	53	0	50	53	55	39	59	44	46	
V	81	73	64	62	64	62	72	40	65	0	52	38	58	92	51	49	72	
W	21	20	13	13	12	21	27	17	20	0	15	10	18	20	15	10	16	
Y	34	34	35	28	40	32	49	34	43	0	45	34	44	41	28	37	47	


=G,C=

A	370	361	371	395	336	397	366	395	331	0	300	286	308	325	360	334	378	
C	72	70	77	79	86	99	96	67	76	0	71	79	84	86	70	73	89	
D	273	218	225	226	197	208	235	210	324	0	291	260	241	238	250	237	219	
E	268	222	223	254	202	191	240	284	241	0	202	217	208	213	211	244	236	
F	146	156	154	155	173	196	144	134	136	0	143	136	171	160	198	167	181	
G	334	358	350	302	328	317	316	358	347	4201	353	366	346	306	338	303	348	
H	83	120	100	88	80	91	111	115	119	0	101	106	75	94	88	94	93	
I	249	270	239	277	298	265	262	219	155	0	241	218	229	271	257	273	238	
K	232	209	237	227	229	229	251	264	248	0	311	241	203	198	212	223	202	
L	319	391	358	390	437	402	378	298	293	0	273	277	328	334	316	325	328	
M	75	83	97	74	89	89	77	78	82	0	78	64	70	79	87	94	78	
N	193	191	212	170	178	178	204	199	245	0	211	222	187	179	179	193	207	
P	201	187	177	146	147	172	173	213	291	0	170	281	243	206	207	207	175	
Q	145	152	150	157	134	132	154	158	132	0	167	131	125	128	134	142	127	
R	184	186	188	207	183	185	179	194	156	0	197	190	187	179	177	180	185	
S	273	225	257	248	266	252	249	265	327	0	316	286	279	303	285	257	299	
T	263	248	253	237	251	260	242	239	306	0	277	351	292	306	259	286	256	
V	291	337	311	352	317	302	312	265	201	0	277	283	358	370	329	338	312	
W	72	67	59	59	92	79	62	66	45	0	59	62	82	71	73	74	77	
Y	155	148	159	155	175	156	147	176	143	0	160	142	181	152	170	153	167	


=G,E=

A	89	96	83	79	67	70	59	75	63	0	69	68	76	67	66	94	60	
C	11	20	17	15	21	17	7	19	25	0	17	30	20	13	19	22	18	
D	54	48	61	57	50	47	42	25	37	0	40	52	54	66	66	66	53	
E	63	46	47	40	41	32	42	29	32	0	30	31	38	46	48	49	55	
F	30	31	39	28	25	35	36	46	50	0	52	45	50	56	41	34	31	
G	62	73	105	85	105	91	102	77	61	923	63	86	83	86	120	80	110	
H	16	24	18	25	20	24	18	15	18	0	24	23	21	26	21	22	28	
I	47	54	43	55	39	57	68	86	88	0	89	71	57	47	42	49	49	
K	59	54	55	64	73	53	44	43	38	0	34	47	32	42	37	65	51	
L	62	65	62	60	56	87	77	90	82	0	69	67	68	61	48	52	46	
M	22	14	7	15	20	20	15	18	19	0	23	18	23	15	14	20	22	
N	43	52	47	48	43	38	47	22	32	0	39	33	35	52	38	40	57	
P	47	61	49	56	54	49	39	43	38	0	21	27	41	33	44	36	52	
Q	31	34	31	33	28	29	26	20	21	0	24	25	28	24	21	30	36	
R	46	37	44	45	50	36	43	41	32	0	36	28	33	34	29	30	29	
S	58	58	47	60	67	49	57	47	69	0	64	57	66	80	70	65	68	
T	63	52	49	57	62	56	58	52	63	0	75	68	68	56	82	58	60	
V	62	62	69	59	58	91	100	100	105	0	90	80	80	73	64	67	61	
W	20	10	10	12	13	14	8	20	11	0	18	21	10	17	11	10	9	
Y	36	32	38	29	31	27	34	54	36	0	45	45	39	26	39	34	27	


=G,H=

A	74	94	90	97	91	126	88	107	129	0	99	126	118	147	118	115	104	
C	17	22	12	15	21	15	9	23	16	0	24	19	17	9	16	15	14	
D	78	63	74	60	61	57	65	45	51	0	60	46	46	57	44	43	58	
E	66	58	70	65	65	51	57	66	75	0	72	58	37	42	56	70	74	
F	35	31	29	50	47	33	36	38	44	0	44	48	49	44	33	38	34	
G	72	83	101	88	87	92	94	71	66	1022	57	47	79	102	51	81	96	
H	21	18	19	31	22	27	19	18	19	0	24	23	16	20	17	24	23	
I	65	56	58	79	52	50	71	67	53	0	70	65	56	50	59	65	58	
K	65	48	49	55	52	57	54	41	40	0	54	52	72	62	68	68	60	
L	103	92	73	96	82	93	85	120	100	0	112	140	149	125	133	113	106	
M	16	31	21	23	26	18	23	24	32	0	38	29	30	26	34	27	25	
N	53	45	39	45	45	46	56	55	30	0	34	28	32	49	42	56	34	
P	46	44	44	24	37	43	37	39	32	0	17	12	15	26	31	23	34	
Q	27	47	32	36	35	40	45	37	51	0	45	44	44	42	40	46	41	
R	44	45	44	45	43	49	42	47	43	0	44	55	33	42	61	39	44	
S	58	55	72	55	60	60	57	50	61	0	52	48	60	56	41	52	51	
T	56	55	62	45	61	55	62	50	52	0	54	46	58	33	52	45	39	
V	70	74	80	75	76	62	71	72	71	0	70	75	69	54	73	65	66	
W	18	16	16	11	20	15	21	11	23	0	18	16	10	11	13	16	19	
Y	36	43	34	27	39	32	30	39	33	0	32	43	31	23	39	20	41	


=H,C=

A	67	56	60	61	58	64	50	67	56	0	44	54	56	64	60	80	77	
C	15	17	17	8	13	21	20	16	20	0	14	9	13	18	15	15	13	
D	55	46	38	43	48	50	49	43	43	0	56	64	74	44	35	34	46	
E	52	43	41	41	46	40	52	46	56	0	38	47	63	52	53	41	48	
F	31	31	45	38	28	39	36	30	24	0	27	36	26	32	30	35	25	
G	67	59	54	53	58	60	62	82	88	0	106	78	57	63	50	63	72	
H	19	15	20	21	24	20	17	21	24	780	20	18	17	16	20	19	19	
I	41	37	55	44	56	51	37	31	33	0	36	42	49	54	47	45	44	
K	46	44	46	49	53	38	35	52	35	0	27	50	31	39	47	37	36	
L	54	71	77	67	59	72	65	59	56	0	46	47	68	70	67	72	63	
M	17	17	22	19	16	13	24	12	10	0	10	14	8	9	23	16	17	
N	42	38	24	30	24	46	33	31	41	0	29	39	31	32	37	33	39	
P	33	41	45	29	37	43	39	51	46	0	96	48	45	37	37	44	28	
Q	33	29	27	24	24	26	29	26	28	0	22	17	22	28	20	27	29	
R	36	31	45	44	35	33	34	41	31	0	30	30	27	44	32	24	34	
S	39	34	35	46	43	34	51	37	57	0	56	44	60	40	51	52	48	
T	35	51	41	42	45	42	47	47	51	0	51	46	48	46	48	49	34	
V	60	71	57	67	58	43	52	53	42	0	34	57	50	51	66	59	66	
W	7	13	10	20	12	6	12	8	11	0	13	11	10	10	14	9	9	
Y	31	36	21	33	43	39	36	27	27	0	25	28	25	30	27	25	33	


=H,E=

A	35	27	30	32	27	22	26	25	32	0	21	23	35	34	30	25	37	
C	7	6	3	11	3	8	4	3	10	0	14	5	9	5	3	7	3	
D	19	40	25	27	26	22	21	15	15	0	17	25	21	25	37	23	27	
E	28	24	12	21	22	19	17	27	7	0	14	21	16	20	22	32	16	
F	19	15	15	10	11	19	15	21	36	0	20	23	17	17	14	11	16	
G	39	35	46	50	34	49	31	44	33	0	20	37	40	37	33	44	31	
H	11	9	16	2	11	8	12	17	7	405	11	17	15	9	14	6	14	
I	11	25	15	22	18	23	24	28	41	0	39	27	22	22	20	14	21	
K	26	29	24	27	27	21	26	19	15	0	17	12	23	23	17	13	17	
L	31	35	37	33	35	30	31	20	29	0	46	33	30	32	26	27	29	
M	7	7	7	6	7	4	9	5	7	0	11	8	7	7	10	7	9	
N	18	20	23	32	22	26	20	17	7	0	10	20	16	24	23	23	19	
P	23	15	23	30	18	30	16	15	12	0	11	19	18	15	24	24	19	
Q	15	6	11	10	7	15	8	11	10	0	12	8	12	14	13	12	13	
R	19	22	18	13	25	12	21	18	20	0	15	16	9	15	18	23	15	
S	32	19	28	20	27	21	32	28	17	0	20	32	31	39	30	30	31	
T	17	20	25	17	35	21	27	36	36	0	22	19	28	29	23	30	31	
V	29	24	23	20	28	28	40	32	47	0	46	31	35	24	31	32	29	
W	5	11	5	6	4	10	7	6	10	0	13	7	3	4	6	6	10	
Y	13	16	19	16	17	17	18	17	14	0	25	22	17	10	11	16	17	


=H,H=

A	48	38	56	52	54	44	53	48	55	0	41	54	54	38	41	57	51	
C	9	3	11	6	6	15	14	13	10	0	14	5	6	6	5	6	5	
D	38	40	33	22	26	32	25	26	25	0	22	22	26	34	23	32	23	
E	40	31	34	29	46	39	44	31	41	0	43	32	35	36	30	40	36	
F	27	18	19	20	21	25	25	21	14	0	27	27	24	23	19	20	14	
G	44	42	38	37	31	29	21	26	27	0	30	33	50	40	37	37	36	
H	14	13	11	17	12	19	14	10	10	524	10	12	10	19	11	14	14	
I	22	30	27	28	29	26	26	26	26	0	28	19	32	27	28	27	19	
K	21	25	30	29	19	25	28	25	36	0	30	29	33	27	45	34	35	
L	44	38	60	44	41	55	59	63	42	0	73	65	53	62	54	54	51	
M	9	12	7	19	14	13	15	14	13	0	19	15	12	13	16	6	13	
N	19	24	21	25	25	21	22	18	27	0	14	17	22	23	24	32	19	
P	21	23	24	28	24	23	22	27	15	0	1	12	15	20	14	22	14	
Q	6	19	18	16	21	16	16	20	31	0	21	29	17	16	23	21	23	
R	29	31	20	30	26	29	21	20	34	0	30	27	28	28	24	30	29	
S	29	36	29	44	34	34	28	32	32	0	23	15	13	25	27	21	38	
T	43	36	21	29	25	25	31	32	37	0	21	35	28	25	30	21	28	
V	27	33	42	29	32	20	33	37	23	0	48	47	31	31	43	24	37	
W	12	6	6	6	8	6	8	12	10	0	10	10	10	7	5	11	13	
Y	21	25	17	13	29	28	19	23	15	0	19	19	25	24	25	15	25	


=I,C=

A	105	87	96	85	104	82	90	73	53	0	61	72	74	77	73	97	86	
C	10	25	19	13	16	14	17	19	15	0	9	17	15	13	23	18	9	
D	70	61	63	79	52	74	89	65	100	0	109	85	82	78	69	62	72	
E	63	67	60	45	54	55	52	58	53	0	58	67	61	74	62	64	64	
F	41	41	41	41	39	34	45	33	30	0	19	26	34	38	31	50	33	
G	85	77	77	98	67	87	95	110	189	0	105	102	107	73	75	87	79	
H	25	17	24	27	24	25	31	23	33	0	31	27	21	26	26	26	20	
I	54	62	47	61	64	67	44	43	24	1045	33	30	51	56	77	70	49	
K	51	63	72	71	62	67	72	80	72	0	63	64	55	65	50	64	69	
L	92	83	97	89	98	61	71	71	51	0	44	60	60	74	89	75	88	
M	24	21	27	22	21	22	9	14	16	0	9	14	15	17	17	19	25	
N	44	48	36	41	53	64	58	76	70	0	65	47	57	41	37	36	53	
P	45	51	45	40	46	52	54	66	57	0	148	93	72	60	52	54	48	
Q	43	35	33	29	42	41	46	47	32	0	28	37	30	37	34	31	37	
R	56	52	47	45	42	59	50	43	45	0	52	56	47	45	42	41	49	
S	54	56	70	61	68	71	78	74	72	0	68	71	67	75	73	69	66	
T	71	67	51	53	70	56	54	69	55	0	64	63	72	74	81	65	76	
V	64	76	80	68	62	55	50	38	47	0	39	54	71	70	85	63	69	
W	12	18	16	19	17	12	13	12	8	0	12	22	13	15	16	13	13	
Y	35	37	44	57	43	46	27	29	22	0	28	36	39	37	32	38	39	


=I,E=

A	148	137	145	123	106	105	101	114	114	0	127	122	114	141	121	117	136	
C	21	20	14	24	20	16	25	23	25	0	28	22	30	34	23	26	28	
D	96	87	108	121	87	120	119	91	73	0	103	98	131	125	107	97	110	
E	84	89	78	103	87	88	67	83	71	0	87	70	101	111	90	75	99	
F	68	57	51	50	58	35	51	69	69	0	71	92	43	46	44	56	41	
G	105	116	149	170	188	197	168	163	122	0	120	163	175	213	196	189	155	
H	38	33	36	27	36	45	40	43	44	0	43	32	41	43	42	37	46	
I	90	85	79	75	61	72	82	104	123	1613	115	119	69	78	58	72	69	
K	122	124	118	108	107	126	116	98	83	0	78	49	83	81	93	75	79	
L	145	126	109	115	122	108	89	135	129	0	133	133	110	82	109	110	105	
M	33	35	25	22	27	18	18	34	33	0	28	33	35	22	25	31	26	
N	76	84	96	85	82	104	91	75	59	0	75	74	102	94	95	85	99	
P	73	85	100	92	105	104	84	68	49	0	61	72	80	77	87	96	86	
Q	54	62	65	60	64	47	65	34	48	0	37	40	40	45	50	62	59	
R	66	80	76	73	76	57	92	73	91	0	74	61	56	55	59	64	71	
S	113	122	96	113	122	110	84	88	89	0	86	96	106	118	123	126	117	
T	81	102	95	95	99	90	117	88	132	0	132	103	107	100	112	113	115	
V	125	90	106	98	88	101	132	142	161	0	131	158	117	87	96	99	104	
W	27	24	16	12	19	13	23	29	28	0	13	24	12	17	22	25	19	
Y	48	53	49	44	56	55	47	57	69	0	66	49	60	44	58	57	47	


=I,H=

A	140	139	130	149	149	135	164	163	171	0	192	161	186	150	147	138	144	
C	22	19	25	20	14	18	21	13	12	0	15	11	19	24	14	11	16	
D	83	99	97	95	108	75	89	149	93	0	98	107	62	54	96	91	84	
E	114	113	87	116	126	98	99	173	132	0	118	135	93	78	125	134	76	
F	46	66	54	43	48	64	64	29	51	0	48	44	62	69	43	58	73	
G	134	119	110	118	99	82	77	84	90	0	69	102	110	76	111	118	98	
H	28	34	24	31	33	33	29	22	27	0	27	27	27	31	37	29	32	
I	75	93	92	75	70	118	99	44	82	1485	79	41	107	122	58	76	91	
K	85	96	74	99	91	70	86	126	95	0	95	150	87	112	131	109	86	
L	113	125	125	114	127	152	153	82	138	0	126	102	178	170	129	111	163	
M	34	30	44	26	31	42	31	21	30	0	27	26	48	50	19	38	44	
N	81	67	64	81	70	76	69	87	74	0	75	106	70	71	81	76	78	
P	67	56	64	69	64	46	53	57	40	0	34	26	28	39	60	43	61	
Q	72	47	55	64	57	48	68	81	65	0	75	85	57	53	75	68	61	
R	58	58	55	63	70	69	71	83	82	0	93	90	63	73	78	95	55	
S	83	93	90	91	91	82	80	91	102	0	96	97	68	60	81	80	74	
T	83	89	90	85	76	95	73	64	68	0	67	66	64	61	61	64	72	
V	89	73	114	82	96	99	93	58	70	0	90	44	75	108	74	75	84	
W	18	21	28	14	19	15	18	17	18	0	16	17	22	20	13	25	22	
Y	59	48	63	50	44	67	47	39	44	0	44	46	59	63	50	46	70	


=K,C=

A	141	139	133	161	148	147	137	147	132	0	107	101	129	117	120	140	153	
C	32	38	25	31	27	38	29	26	26	0	29	32	23	29	34	39	25	
D	110	93	96	90	105	99	124	151	140	0	133	129	126	103	111	120	98	
E	102	120	107	115	110	113	113	114	104	0	94	105	123	113	120	100	92	
F	86	82	81	77	84	75	75	55	67	0	51	85	52	82	86	80	75	
G	127	117	135	134	136	128	120	178	258	0	215	160	128	131	131	137	130	
H	54	38	41	39	53	39	34	42	30	0	35	42	34	25	37	42	43	
I	117	109	110	118	116	101	97	84	70	0	78	109	108	121	109	139	105	
K	121	108	113	132	107	98	123	122	98	1787	110	119	126	100	107	106	105	
L	155	155	156	159	135	157	169	127	128	0	124	109	122	148	131	118	153	
M	29	40	38	35	42	36	36	41	30	0	16	27	24	36	34	29	48	
N	65	88	94	87	81	87	99	102	94	0	99	83	75	71	67	80	76	
P	65	78	86	62	74	101	107	89	116	0	146	121	113	106	83	68	74	
Q	59	69	63	59	60	64	50	58	55	0	51	42	64	62	60	86	62	
R	84	69	68	65	90	68	66	62	50	0	74	58	92	67	65	63	71	
S	98	107	109	92	115	109	99	107	115	0	116	115	104	102	91	118	105	
T	110	98	95	96	73	87	109	97	102	0	119	119	126	117	137	95	103	
V	134	130	127	145	128	143	93	107	98	0	109	131	126	166	169	139	166	
W	20	28	26	24	29	24	31	24	16	0	16	33	23	33	24	29	31	
Y	75	81	84	65	73	72	74	54	57	0	65	65	69	58	68	58	70	


=K,E=

A	57	76	61	64	53	54	62	59	50	0	49	46	56	59	47	48	49	
C	13	16	14	9	12	16	12	10	9	0	19	9	18	13	14	13	17	
D	55	55	50	48	51	40	43	41	24	0	24	46	55	41	53	59	59	
E	40	45	53	46	45	49	41	57	41	0	28	54	37	41	55	51	44	
F	27	37	27	37	31	31	33	29	46	0	37	23	32	27	23	26	33	
G	68	57	69	85	75	84	75	94	77	0	41	61	58	83	91	80	79	
H	10	15	16	14	20	26	23	22	17	0	11	17	16	21	24	16	21	
I	47	36	37	37	46	48	42	33	80	0	70	58	60	48	41	40	56	
K	52	63	48	62	55	54	65	34	39	810	28	34	41	52	47	49	44	
L	65	60	56	61	54	50	61	62	71	0	97	60	72	49	57	57	54	
M	16	13	14	13	8	8	18	14	14	0	28	12	14	17	15	10	7	
N	41	32	41	35	49	38	29	59	27	0	29	41	51	44	44	51	40	
P	45	42	32	37	40	49	26	31	12	0	23	31	30	33	30	43	42	
Q	25	28	35	19	25	22	28	20	26	0	12	22	36	25	27	16	25	
R	22	29	32	32	32	27	32	28	26	0	31	27	18	24	31	25	25	
S	55	50	57	64	47	60	51	50	30	0	44	60	69	58	63	62	52	
T	64	53	61	49	63	52	53	59	51	0	49	70	50	71	47	71	56	
V	57	46	69	42	64	65	69	64	112	0	137	88	61	63	49	55	58	
W	12	13	12	16	8	8	13	11	20	0	22	12	8	10	16	7	13	
Y	38	44	23	40	30	25	33	31	36	0	30	37	26	29	35	29	34	


=K,H=

A	156	169	171	156	200	185	214	222	228	0	220	190	203	165	212	181	153	
C	20	21	22	24	20	17	12	26	21	0	15	24	22	18	18	14	15	
D	142	122	144	131	113	137	152	81	103	0	116	66	84	165	105	89	103	
E	102	133	166	133	121	193	204	114	176	0	175	96	170	194	129	87	135	
F	69	61	64	91	79	66	62	100	63	0	81	120	62	48	77	63	64	
G	133	138	107	135	113	95	113	71	66	0	68	125	160	124	131	135	119	
H	39	33	27	29	33	23	30	26	27	0	41	36	39	34	35	48	39	
I	87	107	88	95	110	99	88	146	88	0	102	139	108	90	105	110	109	
K	111	136	144	117	93	110	84	102	141	1814	142	105	108	116	109	151	163	
L	178	139	118	166	211	138	148	230	222	0	188	268	190	174	193	211	154	
M	43	50	37	48	44	42	27	56	55	0	40	43	33	33	28	49	42	
N	79	87	89	78	70	63	80	58	64	0	84	78	82	83	89	77	82	
P	81	64	71	53	66	74	66	36	42	0	14	28	53	73	59	73	68	
Q	61	72	71	61	64	79	88	69	77	0	75	60	79	78	75	58	56	
R	80	74	80	75	73	83	84	74	81	0	99	69	86	83	97	81	89	
S	114	110	107	93	91	88	90	73	84	0	76	62	77	90	97	88	86	
T	90	104	116	108	95	109	106	89	85	0	84	64	70	84	87	71	99	
V	132	116	105	131	127	132	93	129	101	0	98	124	109	97	86	123	156	
W	26	27	30	22	19	22	17	35	34	0	20	35	21	18	17	34	22	
Y	70	50	57	66	72	59	56	77	56	0	76	82	58	47	65	71	59	


=L,C=

A	160	141	159	143	153	140	136	115	135	0	110	130	125	144	136	164	164	
C	37	31	35	21	27	27	23	43	26	0	21	30	24	31	38	23	26	
D	118	112	97	113	108	117	100	108	145	0	137	150	159	136	100	107	128	
E	105	108	101	127	128	120	128	111	91	0	83	109	136	142	112	126	112	
F	68	73	74	76	86	60	62	62	51	0	45	54	50	61	70	70	55	
G	133	126	125	122	139	147	174	160	232	0	223	177	168	135	127	151	134	
H	45	43	35	45	37	45	47	49	56	0	42	47	35	57	40	31	51	
I	103	106	101	96	108	89	82	67	47	0	49	65	64	79	125	109	87	
K	92	116	95	94	97	109	117	124	117	0	110	98	103	93	92	96	86	
L	144	166	170	160	166	152	154	159	94	1802	77	132	115	110	179	149	152	
M	39	25	35	33	42	37	34	19	29	0	26	18	31	29	24	42	40	
N	68	81	92	84	73	80	104	90	126	0	123	100	95	83	72	69	92	
P	84	77	84	85	78	86	89	106	123	0	235	150	141	112	95	83	90	
Q	65	71	67	75	67	68	60	67	69	0	49	65	60	74	68	56	68	
R	83	84	92	90	75	92	85	92	73	0	82	77	76	78	81	70	87	
S	122	110	96	104	97	134	122	145	132	0	135	128	123	99	106	120	115	
T	127	113	109	109	107	91	98	106	106	0	128	90	106	116	103	106	106	
V	132	124	138	139	134	121	107	91	79	0	70	91	116	127	151	134	130	
W	17	26	30	22	23	25	24	24	22	0	14	18	18	28	24	27	22	
Y	60	68	62	64	55	59	56	64	47	0	39	71	57	64	59	69	56	


=L,E=

A	145	150	124	136	120	123	105	109	103	0	102	119	120	119	121	110	116	
C	24	17	26	22	34	20	22	34	25	0	33	42	16	28	27	21	31	
D	92	115	98	97	98	116	118	70	55	0	92	92	132	118	126	130	107	
E	98	91	93	105	103	100	97	57	81	0	71	51	92	104	74	93	112	
F	56	49	62	49	38	49	38	80	74	0	63	73	55	61	45	51	62	
G	113	142	137	140	158	180	201	168	102	0	102	145	187	189	190	174	147	
H	35	38	44	43	52	48	49	34	41	0	36	28	45	34	36	39	41	
I	84	76	86	72	80	81	81	120	130	0	125	130	80	74	57	57	68	
K	115	114	126	120	106	107	101	70	111	0	74	87	81	76	83	85	88	
L	157	144	146	125	103	83	93	142	141	1646	145	163	85	90	107	103	126	
M	35	23	28	27	23	22	23	27	31	0	44	29	25	21	28	28	27	
N	73	79	94	99	91	75	103	68	52	0	75	79	98	98	102	92	74	
P	90	77	90	88	109	91	80	78	62	0	53	79	82	87	98	89	107	
Q	58	71	57	75	64	66	53	51	63	0	45	34	52	63	64	71	56	
R	79	78	71	86	78	95	73	71	95	0	58	53	65	64	47	57	65	
S	94	100	108	106	117	113	95	86	86	0	114	88	120	125	123	128	125	
T	95	84	85	102	101	113	105	96	136	0	134	88	120	109	131	120	110	
V	126	110	96	91	100	92	132	182	176	0	176	175	112	104	100	107	100	
W	21	19	27	15	15	23	21	31	21	0	28	25	26	24	24	28	29	
Y	56	69	47	46	56	48	56	70	61	0	75	66	53	58	61	63	55	


=L,H=

A	261	265	248	286	316	297	338	329	373	0	369	339	331	285	298	308	271	
C	42	36	49	36	22	38	54	25	38	0	38	23	27	48	35	31	38	
D	195	205	185	208	233	151	158	219	180	0	164	193	122	139	175	202	158	
E	249	184	139	253	265	192	199	309	237	0	247	324	191	151	249	192	201	
F	113	130	122	85	84	130	108	67	110	0	86	73	116	117	103	90	104	
G	237	267	207	226	188	189	169	156	122	0	152	179	182	259	254	211	211	
H	65	64	62	65	64	70	57	63	71	0	49	67	75	69	60	76	77	
I	149	155	171	130	138	163	176	111	125	0	145	89	170	175	164	152	183	
K	163	140	135	171	170	147	163	238	179	0	244	238	191	177	224	208	165	
L	240	267	306	250	264	356	335	221	293	2995	306	230	384	397	253	287	336	
M	62	73	90	59	63	84	83	50	80	0	75	57	96	82	60	51	57	
N	137	147	163	149	139	137	117	136	124	0	131	182	107	120	142	129	133	
P	172	114	137	143	133	104	104	119	72	0	46	67	71	107	120	120	141	
Q	136	148	109	142	148	96	160	178	148	0	153	187	141	113	139	140	108	
R	138	122	144	162	154	124	143	202	158	0	212	196	147	166	151	156	144	
S	173	198	194	175	165	172	144	178	184	0	163	196	141	127	152	160	141	
T	160	167	183	166	178	174	133	154	178	0	118	140	139	129	128	166	172	
V	177	178	198	166	147	211	200	133	157	0	155	112	200	175	163	172	202	
W	37	38	37	36	39	45	45	28	49	0	36	27	38	41	38	25	37	
Y	89	97	116	86	85	114	107	79	116	0	106	76	126	117	87	118	116	


=M,C=

A	35	27	30	35	33	25	39	36	36	0	20	27	36	30	32	30	38	
C	9	14	10	5	7	9	5	7	8	0	4	3	8	4	9	5	4	
D	22	29	13	24	30	16	28	30	25	0	37	38	30	32	26	28	27	
E	22	23	26	29	27	28	22	31	32	0	16	20	28	36	26	28	25	
F	14	21	22	17	19	18	21	18	16	0	9	19	21	16	24	20	22	
G	35	34	31	35	33	41	39	35	71	0	64	58	39	36	35	21	27	
H	11	8	11	7	17	8	9	16	12	0	15	10	13	9	7	15	5	
I	20	33	32	36	22	22	27	18	9	0	18	13	11	19	30	23	29	
K	24	30	16	20	23	29	25	28	21	0	25	31	25	24	19	31	25	
L	41	31	38	40	33	41	31	27	32	0	14	18	25	31	29	35	35	
M	9	6	14	13	10	14	17	14	7	441	5	11	20	10	9	15	7	
N	22	15	23	11	22	20	17	28	31	0	29	22	29	25	20	13	24	
P	27	20	18	26	21	31	27	23	27	0	54	43	32	25	17	27	21	
Q	16	17	20	14	19	18	8	14	16	0	22	18	7	18	15	14	18	
R	23	22	27	19	18	19	24	23	10	0	14	19	19	12	18	23	12	
S	28	27	24	25	25	21	28	28	30	0	28	22	28	30	33	30	33	
T	26	21	33	26	28	33	25	20	24	0	29	20	28	32	34	34	40	
V	33	38	30	33	29	30	30	28	16	0	19	37	24	29	42	29	27	
W	8	5	7	8	7	5	6	5	4	0	7	3	5	7	5	4	6	
Y	15	19	15	18	18	12	13	12	14	0	11	9	13	15	10	16	15	


=M,E=

A	30	34	31	16	25	36	23	19	28	0	30	28	32	25	36	27	28	
C	5	5	6	5	6	8	7	8	6	0	7	8	4	7	7	7	8	
D	25	29	18	27	30	23	19	13	13	0	14	21	23	29	27	27	23	
E	24	26	11	13	17	30	16	11	11	0	19	14	20	20	21	29	22	
F	8	14	7	10	12	9	12	14	13	0	14	27	8	10	18	12	14	
G	33	35	29	49	43	39	46	43	27	0	24	31	39	43	42	44	41	
H	10	5	15	8	12	7	9	8	12	0	2	6	9	6	10	7	6	
I	23	22	20	19	16	15	30	32	27	0	29	34	11	14	18	12	21	
K	26	24	38	27	28	28	20	18	26	0	19	19	18	17	24	17	23	
L	34	17	33	33	27	18	34	29	39	0	36	33	24	20	23	20	23	
M	6	6	6	6	7	7	7	9	10	379	11	11	4	9	7	8	8	
N	18	15	28	19	19	19	16	16	12	0	13	14	19	29	27	28	24	
P	19	17	25	26	23	17	17	22	16	0	17	13	19	25	12	33	15	
Q	15	17	11	12	18	7	8	12	11	0	9	7	14	17	13	6	13	
R	14	10	18	17	11	26	18	20	11	0	11	8	19	17	15	17	13	
S	25	28	25	31	20	21	20	23	19	0	23	24	27	20	25	21	30	
T	25	28	14	28	21	17	25	12	22	0	27	25	35	26	24	17	28	
V	23	32	20	15	26	33	33	52	55	0	58	36	30	26	16	21	22	
W	3	5	3	8	7	2	5	4	10	0	5	9	8	10	4	8	5	
Y	11	10	21	9	11	17	13	14	9	0	11	11	16	9	8	17	12	


=M,H=

A	67	63	60	73	56	76	75	64	78	0	82	82	84	78	75	58	64	
C	6	7	7	12	10	8	12	7	2	0	10	4	6	10	10	8	7	
D	56	47	34	36	50	39	54	64	38	0	37	52	28	36	40	43	39	
E	43	48	44	50	65	48	28	58	56	0	46	65	42	36	42	54	46	
F	23	25	35	25	22	39	36	24	30	0	21	20	26	33	24	27	25	
G	61	57	65	55	60	43	40	33	41	0	44	34	39	50	58	48	56	
H	12	12	13	16	20	14	10	13	16	0	12	14	27	13	20	21	24	
I	35	45	39	33	25	48	40	24	27	0	32	22	36	48	31	36	45	
K	43	35	39	44	27	30	28	36	37	0	57	61	36	44	49	50	44	
L	58	54	53	49	58	76	82	49	74	0	88	48	93	92	78	67	94	
M	14	18	17	18	15	18	22	20	18	700	19	21	22	22	19	14	21	
N	34	33	21	28	29	26	32	36	31	0	34	30	27	36	30	39	25	
P	37	31	23	40	31	24	27	28	19	0	10	16	10	18	21	21	33	
Q	30	22	48	34	31	23	22	47	39	0	28	47	30	25	23	31	23	
R	26	25	29	28	38	23	38	39	48	0	42	55	45	39	46	38	37	
S	40	46	44	43	50	38	34	48	38	0	30	39	22	29	46	43	21	
T	42	42	51	41	44	42	40	37	39	0	37	36	37	24	24	25	33	
V	49	53	46	38	43	55	52	37	41	0	39	24	44	39	43	48	37	
W	8	9	9	8	7	9	5	6	4	0	7	8	11	5	10	11	9	
Y	16	27	23	28	19	21	23	30	24	0	24	22	35	22	11	18	17	


=N,C=

A	159	167	156	168	170	147	162	170	159	0	143	151	149	144	162	176	157	
C	37	31	36	39	34	37	37	37	18	0	32	37	27	40	30	35	30	
D	125	128	108	111	101	137	128	154	148	0	140	179	130	131	118	119	136	
E	109	103	114	118	119	101	110	116	123	0	103	125	111	109	116	126	117	
F	90	97	82	109	85	103	109	83	77	0	78	74	81	115	103	91	92	
G	180	178	169	161	149	159	156	185	206	0	230	169	183	146	142	142	178	
H	44	49	46	44	47	44	41	51	33	0	39	34	48	66	44	50	40	
I	134	98	152	133	126	118	125	114	94	0	92	112	117	157	130	122	115	
K	118	115	110	134	119	128	116	122	122	0	109	142	101	96	111	108	109	
L	175	186	187	167	175	200	181	160	168	0	132	126	182	179	159	175	193	
M	40	40	51	47	55	41	47	29	39	0	32	36	37	35	43	33	45	
N	97	116	100	97	107	105	103	100	147	2104	127	90	100	83	102	98	95	
P	87	85	90	88	84	90	102	99	128	0	200	138	112	106	111	105	107	
Q	73	75	74	63	67	68	65	79	85	0	76	75	71	55	81	77	88	
R	108	99	85	82	88	74	91	69	87	0	84	93	80	102	96	81	81	
S	139	131	123	117	149	142	144	145	133	0	130	147	153	123	142	154	128	
T	128	127	131	136	108	113	117	140	119	0	141	146	151	139	126	118	123	
V	149	162	170	149	198	171	150	149	117	0	104	130	152	157	162	176	144	
W	36	33	41	51	41	39	30	28	30	0	34	20	36	35	40	37	36	
Y	76	84	79	90	82	87	90	74	71	0	78	80	83	86	86	81	90	


=N,E=

A	43	32	31	39	41	33	44	42	38	0	38	38	34	29	38	53	44	
C	9	9	6	16	2	9	8	4	12	0	12	12	9	10	10	15	10	
D	31	28	27	26	38	32	22	23	17	0	11	31	41	26	45	30	31	
E	25	30	18	25	23	23	22	20	18	0	18	24	25	27	29	21	25	
F	12	19	16	21	23	25	20	20	36	0	28	18	35	25	26	26	22	
G	57	44	57	55	45	54	38	61	42	0	40	41	50	51	46	52	52	
H	11	11	11	16	16	14	7	13	6	0	7	9	12	6	8	8	8	
I	30	31	28	23	29	29	51	31	51	0	50	36	29	33	23	27	21	
K	32	36	33	35	30	23	34	24	22	0	21	29	16	26	33	26	34	
L	33	38	39	35	43	35	45	45	52	0	62	32	42	33	29	37	53	
M	5	9	9	8	11	17	5	9	11	0	12	8	9	9	6	10	10	
N	35	25	25	32	27	23	29	27	14	530	28	36	35	35	39	34	30	
P	27	24	39	25	23	27	25	14	14	0	9	27	8	22	30	27	23	
Q	25	22	24	21	20	18	19	25	20	0	16	21	18	18	9	17	18	
R	33	24	23	28	25	17	16	21	12	0	16	13	20	29	17	13	21	
S	30	50	35	29	30	31	34	29	23	0	27	37	45	31	37	31	35	
T	30	30	43	39	41	37	42	37	28	0	36	34	34	46	35	37	35	
V	40	44	41	34	41	55	40	54	63	0	56	44	40	39	46	33	37	
W	6	7	10	5	3	10	7	11	10	0	10	9	7	10	9	10	6	
Y	16	17	15	18	19	18	22	20	41	0	33	31	21	25	15	23	15	


=N,H=

A	88	97	94	93	114	73	108	98	107	0	140	123	103	93	98	95	87	
C	12	19	8	12	13	9	19	17	22	0	15	17	26	9	18	14	12	
D	55	64	79	63	62	79	67	43	47	0	46	32	44	57	48	47	60	
E	60	59	69	54	54	86	70	55	78	0	75	39	45	80	45	52	62	
F	39	39	36	47	36	31	39	46	44	0	47	41	36	42	35	43	40	
G	65	68	81	81	68	66	60	37	37	0	36	63	73	67	69	61	68	
H	24	15	19	29	22	23	23	11	14	0	29	23	20	21	21	33	21	
I	58	59	60	51	63	64	59	87	72	0	63	94	71	49	54	61	55	
K	53	51	52	40	51	48	51	57	69	0	52	50	91	66	64	73	86	
L	105	74	69	85	96	67	74	153	114	0	107	137	100	79	120	118	100	
M	23	20	14	26	12	31	25	28	26	0	29	36	17	20	23	15	16	
N	47	36	51	47	55	53	59	38	36	1005	44	38	58	63	48	49	47	
P	39	48	32	40	34	27	24	32	23	0	5	18	22	38	44	35	38	
Q	53	36	47	36	41	68	42	33	37	0	46	30	33	45	37	28	34	
R	37	51	44	33	50	43	38	32	55	0	53	40	60	55	55	48	49	
S	68	86	69	73	57	58	55	56	52	0	54	24	53	67	62	45	70	
T	73	64	57	69	59	72	70	48	35	0	52	40	46	45	44	48	33	
V	63	62	75	60	62	54	61	59	69	0	53	83	59	54	69	71	64	
W	17	14	13	18	15	16	23	26	24	0	15	23	15	21	13	27	16	
Y	26	42	36	48	41	36	38	48	43	0	43	53	32	34	38	41	47	


=P,C=

A	207	222	204	222	213	194	206	158	193	0	158	198	174	188	188	197	196	
C	44	36	34	45	60	41	39	47	52	0	38	38	30	38	34	38	47	
D	139	137	126	136	117	127	145	163	139	0	202	156	131	144	149	158	163	
E	138	149	144	121	121	134	141	140	118	0	144	136	132	137	146	153	120	
F	108	98	113	117	104	94	96	105	106	0	106	86	99	97	112	102	110	
G	187	182	190	184	179	179	205	224	157	0	315	230	202	176	181	151	180	
H	65	52	39	61	57	52	56	59	79	0	55	70	57	69	54	63	67	
I	131	137	139	139	145	122	136	118	156	0	79	133	126	165	166	126	142	
K	138	112	138	129	110	152	139	138	135	0	127	113	126	138	122	121	129	
L	199	215	233	194	231	241	208	178	232	0	149	183	183	195	198	206	226	
M	38	54	44	53	40	50	40	43	50	0	37	39	51	56	52	58	45	
N	118	98	115	114	123	118	92	135	152	0	129	107	118	108	105	106	111	
P	119	104	108	126	124	115	126	130	115	2452	137	157	139	137	126	131	107	
Q	99	71	84	78	82	98	85	80	80	0	77	77	92	83	87	94	100	
R	128	110	107	119	114	118	105	124	90	0	79	87	106	127	102	118	118	
S	144	162	154	161	152	154	183	156	153	0	179	164	175	140	143	161	146	
T	140	157	149	155	148	157	145	157	150	0	148	175	189	148	160	152	147	
V	172	202	184	171	186	160	176	146	166	0	168	168	174	183	191	190	167	
W	48	46	42	37	43	42	37	35	26	0	37	34	42	32	35	38	41	
Y	90	106	102	89	102	102	91	113	101	0	85	99	106	88	100	85	86	


=P,E=

A	27	29	33	30	31	27	17	23	27	0	34	33	18	18	23	26	22	
C	5	3	11	0	2	5	4	5	7	0	11	5	4	4	2	5	5	
D	13	23	17	25	25	22	22	10	12	0	10	22	32	19	32	26	21	
E	29	15	19	21	23	19	21	12	20	0	7	22	26	16	30	15	23	
F	3	17	12	12	9	14	17	24	12	0	20	13	13	15	16	14	13	
G	32	32	33	33	45	34	47	52	19	0	20	38	25	43	28	27	38	
H	11	5	6	11	5	8	9	5	7	0	5	6	9	8	11	14	11	
I	22	22	19	22	17	23	19	33	38	0	32	16	19	17	19	17	25	
K	14	12	25	17	21	21	17	17	26	0	14	13	21	18	15	10	18	
L	35	36	34	37	19	16	27	33	37	0	52	25	32	30	29	27	26	
M	8	6	2	10	1	3	9	9	15	0	12	9	3	7	6	8	8	
N	18	19	15	18	22	16	17	13	8	0	15	14	16	15	17	24	15	
P	21	20	16	16	21	14	12	7	3	359	0	12	25	18	22	28	19	
Q	17	15	10	9	10	12	6	6	12	0	8	8	11	14	8	16	13	
R	17	17	14	15	10	21	11	15	19	0	8	12	9	17	14	9	9	
S	20	24	27	21	28	19	21	20	10	0	20	27	28	21	19	27	25	
T	24	28	28	17	23	26	31	24	25	0	16	34	25	25	14	19	25	
V	24	21	21	27	27	37	30	30	45	0	56	32	24	34	29	28	25	
W	3	3	4	3	5	8	9	10	4	0	6	3	9	7	8	5	6	
Y	13	12	13	14	14	13	12	11	13	0	13	14	9	13	16	13	12	


=P,H=

A	62	48	72	55	55	53	61	47	43	0	74	69	90	97	63	70	65	
C	11	9	12	4	7	8	10	9	14	0	8	12	10	6	12	4	12	
D	38	39	32	37	27	31	37	33	75	0	40	33	30	33	22	21	37	
E	39	26	30	46	38	56	47	23	28	0	101	33	33	54	43	27	35	
F	25	27	33	33	43	27	32	34	20	0	24	33	28	17	21	29	21	
G	75	46	45	45	55	50	49	46	33	0	24	28	20	45	29	45	48	
H	12	20	12	17	13	17	13	14	21	0	13	16	10	19	16	8	13	
I	31	35	32	32	37	30	30	42	48	0	34	42	45	21	37	59	36	
K	36	38	26	32	40	39	38	27	21	0	29	31	52	63	40	29	50	
L	61	78	66	62	61	45	59	77	64	0	56	94	58	49	93	82	64	
M	16	13	15	15	10	14	13	21	15	0	13	23	18	10	18	23	11	
N	25	26	31	34	40	29	32	36	53	0	20	22	18	19	21	24	29	
P	26	23	19	29	27	42	27	34	25	642	6	4	2	14	20	17	15	
Q	20	22	22	28	20	23	27	20	14	0	34	35	43	29	30	20	35	
R	22	28	31	20	31	35	29	24	24	0	29	22	36	37	33	42	34	
S	35	38	44	36	33	48	35	37	45	0	53	25	28	27	39	30	27	
T	26	38	40	39	39	30	30	46	45	0	18	36	25	28	23	21	35	
V	51	50	48	39	42	38	41	38	25	0	32	52	68	38	42	56	42	
W	8	18	8	14	5	6	10	8	6	0	15	7	11	5	14	11	9	
Y	23	20	24	25	17	21	22	24	23	0	19	25	17	30	25	23	24	


=Q,C=

A	78	90	86	83	70	91	73	78	70	0	57	80	58	58	73	81	70	
C	14	21	18	12	20	13	21	21	24	0	8	16	22	18	21	16	16	
D	62	53	56	50	39	70	61	86	62	0	68	65	66	62	65	50	77	
E	50	49	62	45	50	45	51	62	51	0	45	59	70	59	61	54	57	
F	41	35	41	54	50	43	36	45	34	0	44	33	40	40	39	27	48	
G	74	77	74	66	72	66	79	86	128	0	116	96	66	73	61	66	74	
H	23	22	27	21	17	26	24	16	27	0	23	22	20	13	14	20	19	
I	42	56	55	66	59	45	37	41	38	0	35	57	56	48	70	51	50	
K	61	53	52	45	50	59	64	38	45	0	60	47	44	41	45	44	47	
L	90	99	82	109	95	90	87	83	62	0	65	66	65	82	88	116	78	
M	16	25	21	21	16	25	15	18	13	0	14	11	9	18	22	21	20	
N	43	46	40	45	47	43	40	54	72	0	67	59	48	53	40	47	57	
P	46	49	56	51	52	47	70	53	51	0	83	72	69	62	43	51	51	
Q	35	38	32	34	41	37	29	30	35	989	30	30	31	33	35	40	35	
R	51	44	35	39	52	35	42	34	43	0	42	34	42	44	50	39	54	
S	61	46	56	63	63	65	77	59	75	0	70	65	72	67	65	62	47	
T	67	58	68	68	67	66	64	64	63	0	66	68	72	67	74	76	61	
V	77	77	71	62	75	78	57	64	42	0	39	61	82	99	70	74	75	
W	16	11	16	14	25	14	17	18	16	0	15	18	22	14	16	14	19	
Y	41	40	41	41	29	31	45	39	37	0	42	29	35	38	37	40	34	


=Q,E=

A	41	39	40	34	39	46	36	31	28	0	30	29	35	32	36	35	33	
C	10	5	12	8	5	10	9	10	11	0	13	8	4	4	9	6	6	
D	25	39	30	37	43	26	20	24	15	0	19	26	39	36	41	31	36	
E	23	29	27	26	16	17	23	19	19	0	20	29	22	26	26	31	22	
F	11	18	13	15	13	22	21	18	30	0	37	29	20	18	16	20	22	
G	41	47	41	52	48	53	51	51	50	0	33	38	44	50	59	61	46	
H	11	13	9	11	12	10	10	12	10	0	12	9	10	15	7	14	14	
I	31	24	27	30	22	34	31	34	32	0	40	19	42	27	28	21	28	
K	32	32	31	36	35	34	39	31	23	0	15	19	27	28	26	22	40	
L	47	42	32	37	39	43	38	28	42	0	60	40	35	38	32	40	35	
M	8	6	9	4	9	8	12	5	15	0	11	10	7	8	10	9	13	
N	28	27	33	25	30	20	21	36	18	0	30	35	24	28	29	25	26	
P	18	31	26	23	24	27	20	22	21	0	17	20	20	28	20	20	22	
Q	12	17	25	20	17	11	11	18	12	508	10	17	7	14	15	25	20	
R	20	24	18	24	24	25	19	23	22	0	12	18	24	17	21	19	17	
S	43	26	40	33	45	33	32	31	30	0	21	41	34	44	37	45	36	
T	37	29	30	32	26	28	35	45	29	0	28	41	36	43	37	35	29	
V	38	40	37	33	36	38	44	39	63	0	71	48	49	31	32	24	28	
W	9	6	9	13	6	9	10	8	11	0	9	10	7	5	10	9	6	
Y	23	14	19	15	18	14	26	23	27	0	20	22	21	16	16	15	29	


=Q,H=

A	103	115	149	123	138	124	138	126	156	0	176	161	134	139	149	126	137	
C	24	24	12	11	16	16	8	25	23	0	15	16	14	12	14	22	15	
D	86	88	79	80	92	103	83	70	59	0	53	45	70	98	58	66	68	
E	85	93	97	71	71	96	109	75	118	0	103	79	85	134	84	82	88	
F	57	52	49	58	50	44	43	69	39	0	40	41	48	44	56	62	35	
G	122	97	81	103	80	79	74	61	59	0	56	81	113	78	74	100	95	
H	28	26	26	29	25	23	18	26	17	0	34	26	21	26	29	17	24	
I	69	80	79	71	84	57	57	84	69	0	70	87	84	59	72	82	83	
K	70	77	62	72	81	74	78	59	70	0	83	78	95	99	84	73	93	
L	116	113	121	119	132	119	126	172	144	0	155	192	174	112	168	147	111	
M	30	27	24	27	25	28	24	49	32	0	42	52	24	21	35	36	46	
N	63	62	66	49	53	60	60	38	47	0	43	45	52	77	56	47	68	
P	51	62	66	53	51	56	57	48	48	0	8	15	29	45	46	45	46	
Q	57	38	75	57	53	62	62	53	69	1324	74	56	65	63	56	45	76	
R	63	68	61	61	51	72	71	68	74	0	75	78	80	71	58	67	77	
S	74	71	92	98	77	94	88	70	84	0	69	63	67	71	64	73	70	
T	74	72	69	94	82	71	99	75	65	0	65	49	55	73	78	59	64	
V	93	96	59	80	94	74	65	84	79	0	90	95	65	53	79	108	75	
W	21	22	17	26	16	23	15	23	23	0	23	21	18	16	16	16	21	
Y	38	41	40	42	53	49	49	49	49	0	50	44	31	33	48	51	32	


=R,C=

A	106	131	96	107	92	97	94	88	81	0	83	87	89	101	80	101	86	
C	22	17	27	24	25	21	17	18	24	0	24	15	22	30	27	15	31	
D	72	72	73	58	79	65	75	107	79	0	96	91	87	66	84	91	69	
E	81	75	65	84	83	81	67	66	85	0	64	53	83	66	67	70	73	
F	60	57	62	47	39	47	60	49	48	0	49	58	49	43	52	46	51	
G	101	95	88	95	87	92	102	128	158	0	144	120	109	89	108	99	98	
H	40	34	27	28	34	35	23	33	31	0	33	34	37	30	28	28	34	
I	75	70	83	93	70	58	64	57	60	0	51	56	82	70	90	77	62	
K	67	76	71	55	66	75	81	68	68	0	54	58	61	65	66	58	62	
L	102	102	107	102	114	132	100	103	88	0	73	94	86	108	106	116	103	
M	28	27	24	28	26	22	28	28	15	0	12	21	19	28	26	18	28	
N	66	52	56	51	55	64	68	68	78	0	71	55	50	40	48	59	60	
P	61	70	49	67	56	66	77	67	69	0	102	94	66	85	72	59	73	
Q	39	49	46	47	48	40	48	38	46	0	41	29	41	27	44	49	40	
R	58	53	67	68	68	67	62	47	39	1265	47	51	61	59	67	67	60	
S	78	78	74	66	67	79	95	104	83	0	92	90	81	101	79	74	78	
T	59	60	67	68	78	70	70	79	74	0	96	93	81	77	66	79	100	
V	76	79	109	103	101	85	70	66	65	0	72	84	89	108	96	89	83	
W	20	18	19	25	23	21	20	13	19	0	18	22	18	20	19	14	18	
Y	54	50	55	49	54	47	44	38	55	0	43	60	53	52	40	55	56	


=R,E=

A	55	65	63	50	55	47	55	40	40	0	47	44	58	47	55	43	51	
C	8	7	13	10	9	7	11	14	22	0	18	8	13	10	10	11	11	
D	29	31	37	49	51	29	37	30	26	0	18	40	52	40	49	47	47	
E	48	49	39	31	41	25	33	28	36	0	30	31	27	22	46	45	36	
F	35	26	28	32	20	26	25	24	34	0	42	30	32	28	25	24	29	
G	62	68	65	63	69	78	76	86	62	0	34	58	50	67	67	77	67	
H	5	20	18	9	13	20	15	10	16	0	13	18	18	15	19	17	24	
I	42	22	36	36	38	31	41	48	68	0	74	56	51	32	30	32	34	
K	30	38	39	55	53	29	34	30	39	0	22	25	30	25	40	36	27	
L	54	53	55	43	36	43	53	47	61	0	86	54	59	59	37	45	44	
M	23	11	10	9	7	11	14	7	11	0	10	16	12	15	7	10	10	
N	31	33	27	32	37	52	25	26	19	0	21	28	29	34	37	27	26	
P	36	37	34	31	36	50	26	25	10	0	18	45	37	44	33	38	26	
Q	22	20	32	17	27	20	25	25	13	0	19	22	15	23	23	16	27	
R	30	22	35	31	39	36	35	38	28	678	18	34	30	30	34	25	30	
S	47	50	38	43	45	46	41	48	28	0	37	39	46	51	41	55	51	
T	49	52	35	47	35	47	43	47	39	0	33	33	34	41	44	45	50	
V	40	46	41	50	46	44	47	68	86	0	91	59	56	56	45	46	45	
W	6	9	8	11	7	12	9	13	12	0	8	6	6	4	9	13	14	
Y	26	19	23	28	13	23	32	23	27	0	38	32	23	34	27	25	28	


=R,H=

A	130	140	154	143	144	144	182	202	172	0	167	176	167	142	136	143	141	
C	19	18	27	22	22	11	14	23	27	0	16	30	15	15	26	27	13	
D	80	90	112	105	97	112	124	68	79	0	100	54	79	95	75	73	89	
E	106	111	128	99	99	159	149	95	95	0	146	72	115	142	95	94	116	
F	58	53	46	63	55	51	47	71	43	0	69	84	75	53	60	58	74	
G	128	108	105	96	109	84	74	60	56	0	52	104	106	114	99	125	110	
H	28	38	33	32	27	30	27	29	28	0	40	30	21	31	41	41	27	
I	77	79	57	81	75	81	62	102	93	0	95	89	78	81	74	69	84	
K	89	63	78	59	70	74	82	57	97	0	82	85	92	88	93	82	95	
L	140	143	123	134	125	134	134	171	204	0	167	223	162	146	167	186	152	
M	37	32	33	44	48	37	43	48	41	0	49	45	49	24	35	39	36	
N	68	84	64	67	77	70	68	51	59	0	61	40	61	59	73	55	64	
P	73	66	79	63	57	65	49	31	38	0	11	24	45	51	58	63	55	
Q	53	62	67	57	54	67	72	68	68	0	79	75	73	78	61	61	48	
R	69	58	66	73	89	59	65	66	84	1491	89	67	75	78	93	80	81	
S	100	90	88	88	89	83	88	85	63	0	79	53	60	62	74	55	69	
T	83	87	79	95	83	75	64	68	68	0	47	64	52	79	78	69	70	
V	86	85	87	93	100	83	83	113	102	0	75	88	90	79	83	97	102	
W	18	26	21	20	17	25	24	28	24	0	16	32	19	16	18	21	22	
Y	49	58	44	56	54	47	39	55	50	0	49	56	56	57	52	53	43	


=S,C=

A	223	195	183	186	187	200	214	192	171	0	191	167	193	201	196	210	228	
C	44	57	47	41	51	45	47	45	54	0	41	38	56	55	53	41	49	
D	126	124	133	121	151	134	110	171	172	0	163	180	153	104	136	135	122	
E	129	121	118	115	105	123	112	99	106	0	136	174	136	120	110	126	136	
F	99	85	121	97	109	105	105	94	93	0	84	83	86	98	98	116	130	
G	255	191	194	169	195	210	221	236	296	0	310	221	187	176	199	172	175	
H	53	56	64	63	52	45	60	43	52	0	58	48	65	41	57	63	45	
I	146	159	147	174	154	154	118	109	89	0	85	104	111	149	159	149	147	
K	130	126	102	138	137	128	142	127	122	0	112	124	121	122	111	119	116	
L	184	200	214	219	208	202	193	170	171	0	151	154	158	195	196	192	210	
M	59	41	44	48	53	37	36	34	38	0	26	30	39	44	47	54	48	
N	121	126	117	122	114	106	138	130	132	0	125	129	123	113	110	126	107	
P	123	118	98	126	111	105	137	146	172	0	178	157	147	134	121	110	109	
Q	65	88	81	100	81	82	78	80	75	0	88	79	100	91	91	103	95	
R	100	117	111	90	111	107	94	100	96	0	103	123	104	109	100	90	96	
S	164	156	181	154	150	171	153	205	194	2433	211	202	167	166	191	158	174	
T	128	161	163	143	153	150	159	177	154	0	146	173	173	161	143	157	128	
V	142	176	195	176	180	169	169	145	123	0	115	115	163	203	175	171	162	
W	43	38	34	42	44	53	42	43	35	0	35	45	52	48	42	34	50	
Y	99	95	84	106	86	102	101	87	85	0	73	86	96	97	95	105	104	


=S,E=

A	62	67	81	66	68	79	75	55	59	0	62	68	64	67	74	64	83	
C	21	12	17	20	18	13	17	13	18	0	34	12	15	20	10	21	12	
D	58	70	58	69	59	46	42	27	34	0	34	66	57	68	61	81	53	
E	42	54	52	47	43	34	40	29	27	0	20	42	48	40	47	49	36	
F	35	30	25	34	35	35	41	42	74	0	56	36	46	27	31	27	33	
G	80	83	100	107	92	111	83	82	64	0	70	67	100	76	99	87	91	
H	16	29	15	14	26	25	19	32	24	0	16	19	19	20	17	21	17	
I	53	52	46	26	56	50	48	65	72	0	87	45	49	54	49	35	53	
K	55	59	62	62	58	52	57	54	44	0	33	40	33	42	54	62	67	
L	89	59	64	59	60	62	68	70	97	0	87	62	68	76	53	56	68	
M	16	22	16	13	14	13	19	15	18	0	20	18	13	14	22	11	21	
N	44	47	45	56	47	50	53	36	22	0	29	42	44	52	59	34	47	
P	34	31	45	45	34	24	41	19	24	0	19	39	52	38	45	57	53	
Q	28	33	27	37	26	30	31	35	19	0	29	27	26	33	35	33	27	
R	37	45	35	46	32	43	37	36	35	0	18	40	32	40	34	41	35	
S	72	78	74	61	78	73	58	81	53	934	48	100	61	76	72	76	78	
T	55	62	60	75	59	71	64	82	59	0	72	73	74	59	57	74	61	
V	72	61	57	52	74	81	84	102	124	0	118	71	82	80	74	59	50	
W	21	12	13	11	17	11	16	20	13	0	24	17	15	14	11	12	10	
Y	42	26	40	32	35	28	38	36	53	0	56	45	31	34	27	34	34	


=S,H=

A	119	122	127	130	114	133	123	148	152	0	153	144	118	163	146	150	120	
C	33	22	24	19	26	27	20	22	14	0	20	17	17	9	22	15	15	
D	69	83	91	84	66	92	89	77	74	0	57	39	74	61	65	73	63	
E	71	90	93	85	80	92	83	72	89	0	82	60	94	71	66	74	82	
F	42	46	51	58	53	51	63	54	53	0	58	59	61	53	56	51	60	
G	117	113	125	100	109	111	100	74	71	0	73	76	76	103	95	96	94	
H	33	32	34	25	28	29	24	15	23	0	31	29	27	29	30	28	30	
I	73	64	68	74	77	53	76	90	87	0	94	103	77	59	77	81	70	
K	73	71	75	68	58	70	54	57	69	0	82	67	84	95	93	74	86	
L	107	119	103	130	118	93	123	174	145	0	165	191	138	148	129	149	126	
M	28	27	23	31	36	23	23	35	26	0	40	50	32	22	28	35	27	
N	70	65	65	51	70	66	61	44	58	0	56	59	65	69	67	58	78	
P	62	62	55	50	59	56	50	56	58	0	9	19	39	50	46	54	62	
Q	43	69	49	45	59	67	64	57	65	0	70	50	64	67	58	54	56	
R	56	68	52	45	54	66	53	46	75	0	52	77	92	57	68	69	75	
S	96	78	78	79	112	92	89	59	79	1343	72	50	70	88	80	59	76	
T	88	67	72	89	79	73	77	71	65	0	58	61	64	81	65	64	65	
V	79	79	78	103	91	89	94	101	80	0	83	108	85	75	70	81	91	
W	25	22	25	20	16	18	27	28	21	0	34	28	24	9	17	24	21	
Y	57	43	53	54	37	41	47	63	37	0	53	55	41	32	64	50	43	


=T,C=

A	171	181	167	151	167	148	171	143	142	0	132	158	161	158	185	170	180	
C	29	26	29	33	41	26	35	33	26	0	34	29	23	41	33	42	33	
D	117	123	117	96	114	116	118	143	152	0	144	175	139	132	135	121	105	
E	115	103	99	91	89	106	93	99	97	0	121	161	149	92	123	103	109	
F	100	91	79	81	95	87	79	79	69	0	62	72	95	100	85	95	78	
G	157	159	149	169	165	177	182	225	245	0	256	184	168	159	136	139	142	
H	62	46	38	44	48	60	54	47	50	0	53	53	54	44	49	34	37	
I	117	114	135	120	110	112	96	83	88	0	59	83	102	102	122	110	121	
K	107	122	110	103	124	117	123	112	107	0	116	100	109	99	100	92	120	
L	160	171	182	194	178	166	161	126	132	0	131	123	121	168	163	155	184	
M	31	46	51	34	41	41	42	29	34	0	30	24	37	41	37	40	43	
N	102	89	84	81	94	99	120	121	131	0	103	94	98	89	84	99	85	
P	83	109	102	75	95	97	128	145	128	0	177	156	125	105	96	102	96	
Q	72	65	64	90	81	79	65	72	57	0	63	72	90	73	86	101	83	
R	97	108	116	84	81	93	78	88	89	0	76	83	72	81	86	107	83	
S	116	112	103	133	112	115	136	160	150	0	150	169	137	131	119	134	138	
T	137	114	118	164	117	145	122	108	135	2035	135	101	116	149	129	132	135	
V	152	142	156	164	169	128	124	107	113	0	102	112	120	165	162	157	145	
W	32	45	41	39	37	38	36	33	21	0	34	28	29	25	18	34	33	
Y	77	69	93	88	76	85	72	82	69	0	55	57	90	78	87	68	85	


=T,E=

A	117	99	101	98	98	103	75	89	85	0	87	61	101	104	86	112	102	
C	19	14	23	28	15	17	17	20	26	0	34	24	20	12	20	26	17	
D	64	77	72	81	83	75	84	50	35	0	41	75	77	93	72	81	84	
E	59	54	63	62	68	55	54	54	52	0	34	71	58	68	68	67	73	
F	47	39	51	36	42	36	49	50	71	0	89	38	56	35	38	39	60	
G	95	116	115	135	116	144	141	172	101	0	77	94	123	139	140	111	124	
H	27	33	33	28	26	20	25	24	25	0	33	29	30	25	36	35	25	
I	73	60	61	59	84	52	76	85	116	0	125	74	71	69	59	49	53	
K	68	92	76	86	76	95	72	90	61	0	51	63	62	67	72	74	64	
L	104	96	100	87	90	78	90	66	137	0	138	82	85	76	83	85	73	
M	20	24	23	18	16	19	31	21	26	0	21	12	18	17	22	24	20	
N	72	77	64	68	62	80	62	60	45	0	43	73	76	78	71	80	72	
P	63	50	66	69	62	64	67	46	23	0	31	57	53	68	66	60	76	
Q	46	52	44	36	56	50	49	45	38	0	30	50	43	31	33	38	36	
R	60	49	48	59	49	53	45	43	42	0	40	46	38	48	56	51	50	
S	96	91	93	94	94	98	95	85	66	0	68	110	96	104	117	107	103	
T	78	99	85	93	89	101	71	110	79	1281	89	121	82	99	88	127	91	
V	89	87	93	75	94	79	115	105	147	0	156	126	116	82	88	66	94	
W	24	22	21	16	19	19	20	19	31	0	31	15	21	16	17	14	16	
Y	56	50	48	48	40	42	41	44	73	0	59	54	55	48	49	33	46	


=T,H=

A	95	107	118	130	103	118	123	117	112	0	143	139	115	120	120	117	108	
C	14	12	17	12	17	13	12	16	21	0	17	24	14	16	11	18	17	
D	87	86	70	80	82	81	92	75	73	0	59	64	50	48	65	61	70	
E	66	76	82	70	77	84	65	76	111	0	63	61	82	72	76	60	76	
F	39	47	41	42	50	42	49	60	51	0	47	39	39	49	50	50	45	
G	101	96	98	81	106	79	95	70	60	0	86	59	66	64	92	73	94	
H	35	23	23	27	27	22	24	32	20	0	37	33	24	20	19	17	22	
I	80	65	80	63	65	67	70	68	63	0	70	63	66	75	61	77	57	
K	60	63	71	52	71	65	50	53	86	0	71	85	98	79	59	90	86	
L	94	85	114	112	92	114	118	126	112	0	148	149	131	134	141	129	117	
M	28	17	27	21	26	22	29	33	32	0	34	34	34	38	32	29	38	
N	60	55	42	55	52	52	52	43	50	0	35	55	53	58	49	64	61	
P	55	55	43	52	44	37	45	53	32	0	11	14	25	36	50	49	47	
Q	34	48	44	43	48	59	50	43	65	0	61	60	60	57	53	50	46	
R	38	57	52	54	63	53	49	56	45	0	65	64	68	59	49	52	49	
S	94	77	55	61	63	79	75	63	62	0	61	55	66	56	54	61	57	
T	68	82	83	64	69	65	68	44	58	1184	48	43	63	66	57	58	57	
V	78	80	76	98	72	83	57	77	74	0	69	75	62	73	73	68	80	
W	16	15	13	22	22	11	14	31	15	0	18	16	23	18	17	19	17	
Y	41	38	33	44	34	34	47	47	42	0	41	52	44	46	56	41	40	


=V,C=

A	115	94	119	123	137	106	116	94	85	0	91	90	93	111	113	109	128	
C	25	16	16	20	25	20	25	21	20	0	14	25	16	19	28	23	22	
D	79	72	84	74	66	74	68	97	106	0	135	94	91	93	85	72	103	
E	75	87	92	88	81	78	87	81	92	0	73	77	97	98	74	71	83	
F	60	51	72	44	51	67	49	38	38	0	43	46	48	58	63	70	44	
G	104	118	95	94	108	136	130	143	214	0	164	156	125	103	93	109	102	
H	21	29	30	22	37	28	27	39	34	0	33	43	31	26	30	34	33	
I	83	79	70	78	76	73	70	54	40	0	39	49	65	71	81	81	82	
K	89	86	101	79	74	79	79	88	87	0	89	83	77	76	70	77	79	
L	118	132	113	134	130	112	119	97	71	0	71	81	85	91	111	117	122	
M	31	26	21	34	24	30	23	29	18	0	15	20	25	34	25	21	28	
N	58	69	76	64	78	61	60	78	86	0	83	76	65	71	76	64	74	
P	59	66	57	73	75	71	84	99	116	0	162	109	119	74	74	65	72	
Q	49	50	43	54	50	54	53	51	47	0	43	55	47	56	48	39	42	
R	62	65	66	61	56	67	59	62	60	0	55	65	48	58	63	73	57	
S	82	99	71	82	82	102	109	97	87	0	100	95	107	88	84	83	87	
T	90	85	88	77	73	74	79	91	80	0	94	83	97	91	106	85	82	
V	114	110	105	106	101	83	89	78	59	1393	48	97	91	99	94	118	90	
W	22	17	22	19	20	20	20	13	17	0	11	13	26	23	26	25	19	
Y	55	40	52	67	48	58	47	43	35	0	29	35	39	53	49	57	42	


=V,E=

A	193	216	189	191	189	157	152	143	137	0	155	172	158	172	156	176	136	
C	32	44	42	23	36	27	30	32	34	0	34	44	36	38	39	38	28	
D	121	121	133	150	137	152	132	129	87	0	94	112	153	179	152	156	148	
E	126	113	144	125	122	125	112	102	99	0	107	103	124	119	135	127	146	
F	90	64	82	60	63	53	69	94	94	0	114	113	84	76	67	75	60	
G	162	167	203	235	234	240	282	200	136	0	128	178	242	251	233	230	215	
H	49	47	62	65	65	47	57	49	51	0	54	46	57	54	57	46	49	
I	117	103	107	101	106	95	115	156	135	0	167	140	117	78	78	78	112	
K	138	155	175	142	156	164	124	138	161	0	119	90	97	119	108	134	110	
L	195	176	159	151	141	131	120	171	185	0	178	198	145	124	134	139	155	
M	46	38	32	32	37	33	29	44	60	0	55	57	36	30	34	31	39	
N	110	109	86	130	122	115	117	96	68	0	92	115	119	141	142	101	125	
P	72	107	95	122	133	129	100	90	96	0	55	90	106	126	123	111	114	
Q	96	79	73	76	67	85	78	61	71	0	63	47	59	79	76	66	72	
R	112	105	98	92	92	115	99	91	103	0	98	76	65	73	93	98	102	
S	129	146	128	138	129	157	125	98	133	0	141	152	164	177	164	144	157	
T	133	131	133	120	140	139	151	141	163	0	164	126	145	125	152	170	163	
V	142	151	126	144	109	131	179	228	233	2179	238	214	171	125	127	144	145	
W	26	39	30	23	25	17	28	26	44	0	34	28	35	27	38	35	29	
Y	88	65	81	57	75	65	79	90	88	0	89	78	65	65	71	78	72	


=V,H=

A	150	143	145	169	171	155	186	193	210	0	219	211	224	164	193	174	169	
C	15	15	17	19	21	22	20	17	16	0	23	18	23	25	14	13	29	
D	116	100	97	123	108	106	111	127	114	0	83	120	51	53	92	85	84	
E	110	92	92	96	111	71	103	161	127	0	145	141	100	86	116	115	85	
F	48	59	61	54	55	85	55	36	50	0	61	32	72	63	45	61	59	
G	122	141	132	127	131	113	98	92	88	0	83	98	103	95	115	124	128	
H	32	33	40	26	37	31	28	46	42	0	25	34	37	17	32	39	42	
I	90	88	76	65	73	100	78	45	85	0	68	51	91	108	82	86	112	
K	108	78	98	89	80	76	96	113	95	0	102	127	85	140	134	111	105	
L	138	142	158	130	137	155	169	110	144	0	163	128	215	211	128	141	161	
M	37	37	31	35	41	31	42	24	38	0	42	39	54	49	40	33	31	
N	79	88	79	80	73	69	71	76	57	0	74	67	60	59	74	68	82	
P	74	78	85	76	59	54	83	64	44	0	18	19	21	35	59	50	59	
Q	57	59	56	72	60	44	62	93	81	0	77	89	58	56	78	70	49	
R	67	79	63	77	75	60	74	82	75	0	101	100	88	78	102	73	74	
S	89	98	95	88	94	99	98	95	97	0	85	104	77	78	91	100	74	
T	89	90	104	89	110	107	65	79	82	0	75	77	56	72	73	79	79	
V	98	99	95	109	82	119	83	72	85	1593	93	69	87	109	78	95	98	
W	18	18	17	21	18	25	18	21	22	0	18	24	30	20	12	23	15	
Y	56	56	52	48	57	71	53	46	41	0	37	45	61	75	35	53	57	


=W,C=

A	31	32	21	22	31	29	19	26	19	0	23	17	25	22	31	26	42	
C	7	6	5	6	6	8	8	3	4	0	5	10	5	12	6	2	4	
D	20	14	15	21	22	24	27	23	34	0	34	24	33	24	18	33	22	
E	17	16	18	20	20	20	15	28	16	0	20	24	29	28	16	18	20	
F	16	19	14	13	19	17	17	13	7	0	10	12	16	15	14	17	12	
G	35	38	32	28	26	40	42	44	49	0	38	47	33	28	31	24	27	
H	12	5	11	10	9	4	6	13	10	0	10	7	5	4	8	11	6	
I	24	23	19	17	23	20	13	16	10	0	9	19	12	10	18	15	17	
K	15	11	18	13	16	21	13	22	19	0	21	19	17	21	14	18	20	
L	29	26	30	32	27	25	22	18	15	0	15	22	18	21	30	24	23	
M	3	7	6	7	6	8	3	5	9	0	3	4	3	4	5	10	7	
N	15	17	20	20	13	20	27	16	25	0	24	23	17	26	22	15	20	
P	17	17	23	12	21	15	24	21	28	0	24	25	27	25	17	16	13	
Q	6	10	17	14	13	13	15	12	13	0	16	9	13	16	18	17	14	
R	15	21	16	19	15	10	9	18	15	0	12	9	15	16	19	18	15	
S	24	26	23	22	21	19	31	31	33	0	31	25	31	20	26	24	27	
T	22	24	31	22	14	18	27	22	23	0	29	24	20	23	24	21	23	
V	25	29	21	38	34	26	22	10	13	0	19	18	20	20	19	30	24	
W	9	6	2	10	7	8	7	6	4	358	4	6	9	4	4	6	4	
Y	16	11	16	11	14	13	11	11	12	0	11	12	10	19	18	13	18	


=W,E=

A	37	31	35	19	21	19	26	22	24	0	22	22	24	22	16	22	32	
C	4	1	8	8	5	7	6	7	7	0	7	3	8	12	4	5	7	
D	16	18	22	24	25	31	20	23	13	0	22	22	22	28	25	28	15	
E	18	22	20	20	19	21	10	18	14	0	25	18	14	22	14	26	18	
F	22	14	10	13	12	17	12	23	14	0	10	16	13	11	18	13	13	
G	23	22	37	41	41	33	38	31	28	0	15	26	29	39	42	33	33	
H	13	10	8	6	12	9	6	7	15	0	9	6	12	8	8	11	10	
I	13	22	13	14	14	12	12	25	15	0	27	26	21	14	17	15	12	
K	24	22	28	30	20	22	18	24	21	0	18	13	19	15	21	20	25	
L	18	27	26	21	21	26	27	21	27	0	23	30	22	20	11	20	19	
M	7	3	5	10	2	10	9	6	5	0	9	3	4	3	6	6	7	
N	13	18	21	25	29	20	16	14	17	0	18	16	17	10	20	32	23	
P	18	17	15	20	16	16	19	14	14	0	5	22	23	19	21	20	21	
Q	16	14	12	10	14	9	15	13	11	0	10	11	12	8	17	9	10	
R	15	12	14	11	14	11	11	11	11	0	18	15	13	15	8	10	12	
S	24	31	19	22	24	27	31	20	22	0	21	35	24	36	33	28	21	
T	27	24	17	19	18	18	22	18	38	0	24	27	26	25	27	20	32	
V	18	16	16	20	22	21	32	31	31	0	43	21	21	15	21	13	20	
W	4	8	7	3	2	3	6	5	4	347	4	6	4	6	3	6	7	
Y	17	14	14	10	14	14	11	14	16	0	17	9	19	19	15	10	10	


=W,H=

A	47	36	47	28	58	58	28	33	57	0	55	47	37	40	55	37	44	
C	8	7	6	4	2	6	3	1	4	0	1	1	4	3	4	3	2	
D	29	30	22	37	31	27	36	27	42	0	21	15	17	12	29	20	20	
E	22	26	16	19	39	33	34	32	35	0	32	30	21	24	33	31	29	
F	11	13	16	11	17	20	16	12	14	0	22	15	30	23	11	15	13	
G	39	32	35	31	30	29	21	24	18	0	26	22	28	33	49	24	23	
H	6	10	12	11	5	7	11	9	10	0	12	13	10	10	7	11	8	
I	13	19	24	33	14	20	22	23	16	0	19	13	20	15	20	15	29	
K	30	18	23	30	19	15	21	34	19	0	33	40	24	21	24	24	29	
L	44	35	30	25	40	42	36	30	36	0	54	30	47	51	38	35	51	
M	4	13	7	6	11	4	13	9	5	0	6	8	8	9	10	8	6	
N	14	20	14	29	20	22	15	22	18	0	22	26	24	27	14	29	22	
P	14	21	19	23	20	14	18	9	15	0	6	7	5	13	16	19	21	
Q	16	16	20	16	16	15	18	23	22	0	25	27	17	21	11	25	18	
R	21	18	22	17	17	17	24	31	17	0	24	30	27	26	19	28	20	
S	21	30	40	24	25	25	29	36	37	0	19	33	31	26	16	21	24	
T	28	28	19	28	19	26	23	19	20	0	12	31	24	20	28	31	18	
V	32	26	29	28	21	21	35	24	19	0	21	19	27	30	21	20	26	
W	6	13	8	7	8	6	8	7	5	425	5	6	8	8	10	11	6	
Y	19	13	15	17	12	17	14	19	15	0	10	11	14	13	9	18	16	


=Y,C=

A	74	68	75	70	77	68	77	64	58	0	73	61	64	75	73	77	61	
C	16	11	12	29	15	25	13	22	7	0	16	15	19	21	9	15	18	
D	38	52	57	59	56	63	52	56	80	0	80	59	74	61	66	63	56	
E	60	51	54	52	46	53	47	49	41	0	53	29	60	45	60	58	54	
F	37	43	30	40	42	40	32	26	25	0	26	26	21	47	49	39	35	
G	70	74	83	54	80	69	77	91	129	0	95	124	73	70	63	73	64	
H	26	27	27	18	25	19	24	29	26	0	24	18	24	19	29	25	20	
I	46	53	63	46	55	44	48	28	31	0	25	33	38	38	51	50	57	
K	57	54	63	36	47	39	56	63	76	0	45	43	47	40	50	53	57	
L	77	74	74	91	85	79	80	64	42	0	37	52	60	61	63	69	75	
M	20	19	17	21	12	12	24	10	9	0	10	9	15	16	17	16	19	
N	51	45	47	43	40	54	47	65	58	0	56	59	56	48	39	49	33	
P	48	39	36	41	46	40	44	59	72	0	100	82	62	64	40	46	55	
Q	40	32	35	33	31	31	33	40	39	0	33	37	29	33	30	23	35	
R	49	39	41	47	42	45	35	44	47	0	40	38	43	31	38	42	46	
S	65	59	52	61	54	59	56	64	58	0	70	60	76	73	54	59	49	
T	49	55	44	50	68	57	65	59	50	0	58	64	63	55	53	59	58	
V	51	67	67	70	51	65	56	48	30	0	33	61	55	68	82	50	70	
W	13	17	11	16	15	25	17	7	7	0	12	13	7	18	18	15	11	
Y	35	42	34	44	35	35	37	34	37	922	36	38	36	39	37	41	49	


=Y,E=

A	75	61	80	68	61	63	36	60	55	0	53	60	60	64	49	71	53	
C	16	15	16	12	10	13	16	15	19	0	17	20	18	23	14	17	17	
D	47	55	67	50	50	60	48	63	42	0	47	44	58	71	81	65	61	
E	54	47	43	49	45	52	54	30	38	0	45	53	42	51	45	52	54	
F	28	42	22	36	36	25	31	38	33	0	36	52	31	36	31	29	34	
G	84	90	71	90	102	94	110	85	67	0	49	84	76	84	86	81	93	
H	23	15	19	22	14	26	15	20	25	0	14	24	29	25	31	25	20	
I	46	51	38	43	34	34	51	51	65	0	64	55	35	49	36	43	46	
K	57	47	55	57	65	51	47	51	37	0	45	32	58	47	51	53	58	
L	71	68	63	67	61	52	53	74	79	0	63	74	51	48	59	53	41	
M	9	13	15	9	8	8	16	10	12	0	12	15	10	16	11	8	17	
N	40	40	55	46	53	46	39	51	46	0	50	29	55	43	46	49	35	
P	41	46	44	41	44	50	53	35	18	0	22	44	40	42	50	37	39	
Q	32	34	29	29	28	29	22	19	22	0	30	25	37	20	24	27	29	
R	34	36	42	35	35	42	43	51	39	0	35	26	31	32	36	33	36	
S	50	53	72	65	61	54	57	58	57	0	63	66	69	61	70	70	70	
T	62	52	49	51	58	64	77	55	65	0	82	57	58	61	56	66	64	
V	63	54	46	54	55	59	59	60	90	0	87	73	70	57	51	60	60	
W	18	14	13	12	15	13	16	11	23	0	18	13	14	14	10	13	16	
Y	23	40	34	37	38	37	29	34	41	873	41	27	31	29	36	21	30	


=Y,H=

A	102	88	78	83	86	92	91	117	99	0	97	100	98	92	77	87	93	
C	11	14	11	17	14	7	17	7	13	0	12	8	16	14	12	11	17	
D	68	57	75	71	89	76	71	70	88	0	57	52	56	31	59	47	46	
E	55	66	55	79	93	76	56	72	76	0	60	66	55	56	76	64	51	
F	38	38	40	30	35	46	37	34	46	0	44	34	57	31	35	28	40	
G	70	81	83	60	68	43	65	54	42	0	70	60	61	61	89	54	70	
H	22	23	27	19	22	20	26	21	18	0	18	27	20	42	32	15	20	
I	46	49	55	48	55	67	63	50	43	0	48	37	48	79	60	60	56	
K	48	48	43	66	51	46	51	71	59	0	59	87	61	72	78	62	49	
L	82	90	82	85	60	108	97	75	104	0	125	90	109	112	74	82	110	
M	20	23	13	24	10	25	24	23	25	0	26	33	28	21	20	33	25	
N	35	58	47	55	44	43	49	47	49	0	50	56	42	43	56	53	69	
P	45	44	44	36	48	39	38	44	29	0	16	22	24	30	45	46	44	
Q	45	30	32	39	43	29	29	36	51	0	51	48	53	39	48	41	30	
R	46	52	35	49	43	50	54	52	43	0	59	51	44	57	45	62	44	
S	62	53	61	63	67	47	52	65	66	0	41	63	47	39	40	63	59	
T	57	64	76	51	63	53	47	52	42	0	44	52	41	48	44	49	49	
V	70	51	60	62	49	70	56	51	35	0	43	48	57	72	47	63	59	
W	8	18	18	11	13	14	11	12	9	0	15	17	16	12	14	10	18	
Y	53	37	49	36	31	33	50	31	47	984	49	33	51	33	32	54	35	


