>gi|210135770|ref|NC_011499.1| Helicobacter pylori P12 plasmid HPP12, complete sequence
orf00001    10113       28  +2     1.29
orf00004     1171        8  -2     3.23
orf00007     2235     1183  -1     3.29
orf00008     2342     2464  +2     0.01
orf00011     4497     2515  -1     3.22
orf00012     4831     4487  -2     9.05
orf00013     4872     5003  +3     2.95
orf00014     5026     5307  +1     9.03
orf00015     5316     5585  +3     8.61
orf00016     5572     5715  +1     6.44
orf00017     5984     5754  -3    13.25
orf00018     6041     6187  +2    12.99
orf00019     6713     6483  -3    13.25
orf00020     6770     6916  +2    12.99
orf00024     7531     9129  +1     3.51
orf00025     9174     9908  +3     3.10
