ORFlength	 absolute_frequency
33	117
276	1
90	47
63	69
21	116
102	42
288	3
336	2
324	2
180	7
99	41
18	123
162	11
72	53
522	1
264	2
255	3
246	2
84	58
240	4
27	109
57	77
108	34
243	6
231	8
201	9
189	8
225	1
342	1
207	8
78	49
48	97
294	3
87	44
174	6
93	39
123	32
39	111
210	5
138	19
114	38
12	141
258	4
153	16
15	147
81	63
60	58
321	2
45	81
66	58
54	74
237	4
306	1
549	1
204	5
309	2
165	11
198	7
129	21
315	5
375	1
144	17
186	12
30	121
141	23
222	7
147	14
252	3
339	1
120	29
228	6
156	15
75	59
273	2
192	13
381	1
168	11
249	3
135	19
69	52
24	137
177	10
285	1
150	10
234	4
282	3
267	6
42	95
354	3
219	3
318	3
105	41
96	46
126	34
159	20
6	149
486	1
36	111
213	9
183	11
111	33
9	172
51	78
279	1
456	1
357	1
132	19
216	5
372	1
117	26
171	9
195	6

