start pos	end pos	length
117931	118033	102
71	164	93
98582	98690	108
154111	154186	75
191235	191274	39
184707	184824	117
154777	154819	42
216030	216093	63
181256	181289	33
167684	167720	36
49049	49067	18
143296	143302	6
37952	38018	66
54852	54891	39
17328	17361	33
212845	212869	24
123088	123166	78
121460	121619	159
62907	62979	72
56074	56182	108
170630	170663	33
100647	100782	135
215591	215618	27
201006	201015	9
53738	53789	51
81689	81704	15
86464	86476	12
77514	77541	27
17083	17203	120
103015	103093	78
101179	101194	15
30787	30832	45
4926	4950	24
117806	117926	120
81519	81609	90
181598	181604	6
15114	15174	60
117220	117256	36
137542	137896	354
180560	180650	90
151316	151382	66
214669	214789	120
196098	196137	39
165893	165965	72
135674	135680	6
133834	133942	108
78444	78600	156
74864	74921	57
181445	181493	48
124890	124899	9
141144	141228	84
65259	65271	12
90173	90278	105
3431	3578	147
70179	70206	27
132954	132975	21
85234	85264	30
112786	112882	96
21382	21460	78
100367	100610	243
52174	52222	48
111409	111496	87
144613	144694	81
121315	121459	144
74969	74987	18
2510	2582	72
12802	12949	147
96851	96965	114
86002	86029	27
201548	201635	87
146010	146073	63
200569	200611	42
68313	68346	33
92405	92414	9
208785	208827	42
205967	205982	15
18547	18562	15
73566	73593	27
135217	135307	90
10570	10612	42
184529	184571	42
148538	148574	36
53519	53564	45
217888	217993	105
212871	213045	174
154298	154442	144
128622	128694	72
228571	228577	6
65728	66052	324
30218	30245	27
21017	21113	96
134875	134887	12
106820	106910	90
86763	86802	39
61373	61409	36
158802	158883	81
151467	151542	75
186300	186315	15
50642	50675	33
170789	170825	36
202735	202948	213
126894	126969	75
142172	142280	108
219253	219265	12
98524	98581	57
164789	164816	27
127344	127473	129
193	238	45
1555	1690	135
177645	177732	87
209313	209388	75
165390	165396	6
215993	216005	12
161032	161059	27
113246	113306	60
161320	161422	102
136601	136727	126
132336	132342	6
72997	73201	204
167836	167869	33
41630	41726	96
5610	5646	36
140933	140984	51
135316	135343	27
219954	220161	207
80341	80374	33
69580	69595	15
143336	143435	99
82984	83050	66
148259	148445	186
47344	47359	15
84992	84998	6
136729	137083	354
122656	122884	228
14114	14132	18
164955	165006	51
96085	96106	21
115616	115652	36
61981	61993	12
128170	128179	9
56253	56262	9
24162	24246	84
155630	155699	69
66418	66439	21
139236	139272	36
125189	125201	12
4144	4159	15
119266	119326	60
97118	97163	45
180916	181018	102
32608	32644	36
199530	199593	63
31510	31552	42
22626	22980	354
9831	9855	24
31804	31819	15
71423	71573	150
221168	221189	21
218592	218607	15
41349	41385	36
165713	165725	12
97537	97552	15
5246	5264	18
168338	168344	6
149225	149447	222
49248	49269	21
52599	52608	9
192073	192091	18
30401	30464	63
150572	150638	66
57449	57548	99
181859	181877	18
133472	133481	9
2482	2506	24
126225	126270	45
147700	147715	15
166570	166690	120
190670	190697	27
208250	208361	111
165968	166013	45
124240	124270	30
113311	113440	129
38908	38923	15
34446	34527	81
208849	208888	39
109203	109362	159
38026	38038	12
107656	107689	33
72231	72354	123
101224	101236	12
101007	101118	111
43039	43048	9
186360	186387	27
142620	142629	9
217304	217388	84
128129	128150	21
135644	135659	15
47273	47297	24
217398	217407	9
201375	201465	90
146943	146949	6
25413	25422	9
218019	218337	318
157068	157107	39
170334	170346	12
157881	158019	138
54360	54378	18
69673	69682	9
103722	103737	15
45005	45122	117
57074	57155	81
143878	143908	30
106291	106297	6
80163	80208	45
32271	32283	12
160294	160381	87
138663	138795	132
81258	81321	63
202020	202185	165
10991	11078	87
147511	147571	60
20789	20846	57
214425	214443	18
209727	209820	93
128707	128806	99
178956	179037	81
147052	147202	150
220171	220426	255
17404	17506	102
152586	152601	15
110499	110505	6
40250	40262	12
66262	66364	102
200346	200376	30
25601	25679	78
12155	12170	15
186238	186283	45
31264	31324	60
113028	113136	108
53400	53415	15
165595	165646	51
121771	121843	72
20	59	39
28430	28439	9
88860	88962	102
184994	185003	9
28847	28859	12
127174	127183	9
127977	128076	99
179499	179517	18
178715	178838	123
150162	150264	102
168643	168691	48
98013	98130	117
26303	26366	63
200185	200308	123
206367	206448	81
67151	67262	111
215872	215896	24
13578	13593	15
74651	74663	12
150907	150970	63
38832	38895	63
110661	110694	33
156954	157005	51
33837	33924	87
82568	82601	33
158610	158619	9
83213	83219	6
44785	44800	15
4104	4134	30
78309	78321	12
199462	199477	15
100016	100040	24
88687	88696	9
114253	114262	9
5646	5652	6
191412	191568	156
136183	136213	30
181524	181560	36
49317	49338	21
19916	19964	48
198742	198910	168
30896	30950	54
40808	40868	60
105419	105455	36
63369	63402	33
99047	99077	30
81974	81983	9
36388	36463	75
188749	188845	96
213913	214006	93
94639	94732	93
197670	197925	255
70366	70462	96
214016	214022	6
178160	178187	27
135712	135769	57
146389	146419	30
130698	130740	42
114963	115101	138
39527	39536	9
75573	75669	96
146608	146617	9
104875	104929	54
109953	109995	42
155028	155106	78
57325	57358	33
25487	25502	15
20251	20278	27
44030	44036	6
201037	201109	72
172766	172835	69
183445	183451	6
213448	213484	36
172837	172867	30
38300	38393	93
213681	213705	24
119948	119978	30
21130	21136	6
227599	227650	51
216915	217014	99
202959	203073	114
176006	176150	144
36662	36773	111
148915	148924	9
169887	169944	57
30652	30736	84
145334	145400	66
146262	146268	6
228957	229014	57
223133	223169	36
156424	156448	24
147788	147833	45
174414	174483	69
154864	154984	120
90860	90878	18
88562	88685	123
197927	197978	51
122186	122255	69
117394	117493	99
130273	130357	84
170688	170760	72
59044	59110	66
11959	11983	24
179306	179489	183
80758	80842	84
64028	64226	198
178052	178064	12
73631	73715	84
28189	28237	48
163632	163725	93
51400	51415	15
228084	228159	75
216567	216909	342
164408	164414	6
11693	11702	9
198437	198449	12
117038	117065	27
144427	144457	30
193296	193335	39
132791	132827	36
139131	139230	99
82515	82563	48
41425	41524	99
168422	168524	102
97195	97336	141
5436	5448	12
98497	98524	27
118161	118392	231
107030	107126	96
228182	228206	24
166428	166500	72
147340	147469	129
227422	227506	84
225247	225259	12
176871	176910	39
188156	188213	57
146112	146124	12
18803	18824	21
223743	224061	318
104425	104470	45
23712	23811	99
185637	185931	294
70964	71000	36
142966	142990	24
83077	83119	42
143197	143206	9
20119	20149	30
170443	170515	72
165333	165378	45
3135	3150	15
6482	6722	240
186190	186229	39
146710	146791	81
96386	96500	114
94141	94159	18
13218	13227	9
103360	103396	36
10027	10042	15
169457	169499	42
40652	40799	147
14475	14544	69
195543	195618	75
121939	121975	36
96247	96274	27
36468	36531	63
54067	54142	75
64274	64343	69
128887	128902	15
3914	3929	15
79046	79121	75
57787	57949	162
19447	19552	105
16592	16655	63
58960	59035	75
7452	7482	30
205643	205688	45
146482	146494	12
219753	219825	72
177979	178045	66
96510	96555	45
59137	59173	36
204650	204698	48
111033	111042	9
144838	144991	153
55197	55203	6
222303	222387	84
182124	182148	24
154707	154749	42
55598	55616	18
200634	200703	69
157530	157689	159
139284	139491	207
131190	131220	30
212187	212199	12
131920	131977	57
78115	78130	15
221873	221912	39
9454	9583	129
68090	68123	33
57239	57260	21
223091	223112	21
11196	11283	87
203704	203728	24
172872	172881	9
160120	160165	45
22990	23011	21
175365	175386	21
104659	104680	21
60786	60822	36
46504	46546	42
120137	120182	45
172016	172217	201
95272	95314	42
84761	84773	12
39161	39236	75
127137	127170	33
217243	217303	60
106618	106636	18
55408	55594	186
136248	136296	48
120663	120672	9
18861	18870	9
66713	66722	9
213838	213907	69
71150	71396	246
205330	205441	111
54255	54285	30
180339	180420	81
75992	76019	27
129948	130056	108
81146	81173	27
29917	30034	117
93094	93100	6
138891	139002	111
119569	119617	48
13170	13191	21
102015	102054	39
166171	166375	204
124706	124739	33
125640	125868	228
198526	198709	183
26952	26967	15
60700	60784	84
178882	178933	51
23080	23092	12
44674	44734	60
222729	222816	87
107951	107957	6
34807	34825	18
118915	119023	108
192605	192635	30
33005	33041	36
145064	145223	159
75131	75170	39
69055	69094	39
215576	215588	12
116254	116290	36
101278	101359	81
225430	225487	57
103779	103992	213
106142	106181	39
79779	79800	21
215533	215560	27
195261	195294	33
70642	70675	33
115890	115905	15
170910	171000	90
145569	145677	108
142659	142725	66
26723	26840	117
216097	216133	36
102631	102658	27
36565	36631	66
18953	18986	33
52963	53065	102
42204	42222	18
187386	187485	99
128387	128453	66
167524	167599	75
73368	73548	180
15398	15404	6
188582	188606	24
206835	206937	102
108410	108452	42
177858	177951	93
103541	103550	9
113820	113883	63
224647	224968	321
70565	70616	51
223577	223619	42
95343	95373	30
14987	15029	42
210846	210876	30
150820	150829	9
128593	128611	18
109998	110091	93
96233	96245	12
207330	207354	24
20755	20785	30
100882	100987	105
77071	77137	66
50692	50830	138
169404	169440	36
130455	130575	120
212636	212693	57
66075	66123	48
18421	18457	36
190966	190996	30
985	1000	15
66539	66599	60
115961	116099	138
195385	195535	150
18898	18928	30
223177	223369	192
139872	140154	282
109765	109834	69
203654	203702	48
7060	7084	24
205844	205958	114
161574	161829	255
151764	151788	24
215454	215478	24
128246	128276	30
107148	107238	90
43620	43686	66
227785	227824	39
7122	7143	21
116706	116757	51
98956	98998	42
178619	178643	24
55026	55149	123
228802	228913	111
48488	48521	33
155279	155363	84
48123	48171	48
179149	179155	6
207598	207640	42
179910	179967	57
64428	64446	18
14175	14268	93
127919	127928	9
87279	87588	309
9716	9758	42
211924	212137	213
113728	113734	6
161878	161920	42
172610	172715	105
182167	182251	84
38513	38561	48
217101	217209	108
169745	169829	84
38988	39114	126
43145	43151	6
55984	56068	84
177243	177285	42
32545	32608	63
78417	78429	12
76810	76867	57
77627	77915	288
123239	123308	69
81740	81896	156
22540	22618	78
33756	33798	42
63921	64005	84
120558	120573	15
122986	123004	18
12690	12696	6
204771	204837	66
315	363	48
184424	184481	57
56209	56233	24
179202	179220	18
67069	67117	48
155412	155535	123
206662	206752	90
141021	141045	24
85282	85303	21
163083	163209	126
11802	11910	108
202676	202703	27
107360	107471	111
68662	68797	135
48736	48820	84
76120	76261	141
9298	9340	42
106066	106108	42
131396	131438	42
129542	129608	66
127775	127832	57
32389	32428	39
227179	227200	21
8056	8077	21
141061	141103	42
30061	30109	48
188355	188565	210
147774	147780	6
82617	82890	273
60992	61037	45
97422	97476	54
140183	140297	114
164058	164100	42
153462	153507	45
203787	203883	96
152465	152546	81
34539	34653	114
20014	20026	12
29077	29116	39
215263	215314	51
195895	196003	108
72566	72641	75
102387	102477	90
183678	183846	168
98155	98197	42
192039	192051	12
100296	100356	60
96108	96138	30
229086	229113	27
156457	156562	105
107969	107987	18
52545	52554	9
23145	23262	117
221091	221103	12
58551	58557	6
221456	221519	63
40289	40421	132
169045	169051	6
123331	123391	60
68059	68083	24
26626	26662	36
78965	78971	6
23922	23964	42
53116	53209	93
221344	221380	36
143790	143829	39
21153	21171	18
184912	184945	33
96736	96841	105
93726	93732	6
58657	58786	129
198462	198474	12
138453	138540	87
26055	26124	69
204714	204744	30
160871	160985	114
42478	42964	486
37332	37383	51
217467	217581	114
90105	90168	63
132198	132270	72
76266	76317	51
74368	74434	66
190725	190749	24
228238	228250	12
177066	177174	108
107591	107633	42
34376	34403	27
57629	57647	18
206471	206507	36
229182	229314	132
86238	86310	72
27041	27071	30
36016	36067	51
118056	118080	24
187895	188057	162
163243	163309	66
119429	119513	84
227116	227164	48
27918	28059	141
120969	121020	51
112905	113025	120
69239	69269	30
227050	227065	15
181376	181406	30
171372	171396	24
187546	187627	81
198193	198214	21
146956	147049	93
117269	117371	102
113183	113216	33
25962	26001	39
131292	131319	27
85055	85070	15
188223	188313	90
209000	209150	150
187810	187879	69
95062	95092	30
151084	151237	153
46376	46385	9
53223	53265	42
71696	71768	72
218382	218475	93
43160	43247	87
74715	74724	9
58465	58492	27
114661	114691	30
150356	150470	114
5997	6021	24
54507	54627	120
105022	105106	84
29207	29297	90
158499	158547	48
138828	138846	18
124813	124852	39
27702	27876	174
199683	199689	6
170536	170551	15
26139	26160	21
35243	35252	9
30490	30547	57
157218	157347	129
132990	133362	372
51430	51577	147
74732	74771	39
182994	183123	129
6811	6916	105
137298	137307	9
10780	10987	207
28878	28914	36
54406	54451	45
166073	166145	72
19576	19585	9
137249	137276	27
116354	116489	135
65565	65616	51
193923	193953	30
111120	111144	24
52114	52120	6
32957	32966	9
163409	163433	24
169948	170047	99
116190	116232	42
45466	45475	9
47070	47124	54
31835	31859	24
52893	52962	69
165114	165195	81
26840	26888	48
48301	48376	75
36994	37021	27
28317	28332	15
164540	164603	63
131008	131026	18
61872	61905	33
54772	54838	66
226829	226982	153
151425	151458	33
198236	198338	102
205469	205598	129
191622	191652	30
120742	120940	198
7148	7181	33
128280	128331	51
4998	5025	27
134661	134781	120
121257	121296	39
85578	85620	42
175072	175210	138
25759	25783	24
193535	193583	48
145717	145741	24
58873	58918	45
171564	171687	123
101841	101871	30
32067	32259	192
36287	36317	30
46303	46342	39
217621	217630	9
228457	228469	12
196326	196350	24
220609	220777	168
190184	190508	324
115356	115599	243
80441	80591	150
153600	153609	9
65110	65125	15
162492	162531	39
23532	23589	57
61462	61543	81
22279	22318	39
222057	222171	114
92067	92091	24
228319	228334	15
108556	108610	54
183270	183279	9
12756	12765	9
147943	148015	72
102672	102699	27
27376	27613	237
167170	167266	96
134015	134066	51
221945	222029	84
69998	70064	66
12627	12672	45
165734	165827	93
76604	76610	6
103446	103533	87
119940	119946	6
13352	13451	99
213363	213438	75
134066	134264	198
15866	15971	105
193791	193800	9
129360	129384	24
14573	14609	36
172553	172610	57
37428	37611	183
42115	42172	57
58183	58198	15
144463	144469	6
148802	148820	18
56877	57033	156
95655	95745	90
4590	4749	159
10644	10653	9
186600	186660	60
163928	163958	30
44885	44930	45
197349	197433	84
50366	50399	33
144507	144597	90
145789	145894	105
143066	143087	21
29312	29507	195
174967	175000	33
145309	145327	18
44849	44885	36
75391	75481	90
62342	62354	12
215039	215048	9
193800	193848	48
2930	2945	15
47787	47805	18
153173	153191	18
22384	22480	96
271	286	15
8203	8245	42
172005	172014	9
80954	81143	189
221136	221145	9
139638	139839	201
124302	124410	108
102196	102220	24
47542	47593	51
131913	131919	6
184321	184342	21
118625	118688	63
194267	194324	57
154471	154660	189
212479	212509	30
14861	14930	69
116843	116960	117
113976	113985	9
61685	61799	114
120347	120404	57
108214	108238	24
220971	220992	21
61547	61568	21
47002	47011	9
53708	53720	12
172960	172969	9
156217	156232	15
110972	110990	18
39256	39289	33
81325	81451	126
107269	107287	18
45324	45441	117
203933	203951	18
6236	6440	204
35514	35538	24
88987	89092	105
31401	31497	96
211767	211884	117
4956	4995	39
198402	198417	15
94300	94321	21
45678	45972	294
112025	112217	192
129770	129938	168
89854	89890	36
82098	82188	90
150983	151001	18
65193	65259	66
111998	112007	9
24955	25003	48
94450	94585	135
35632	35812	180
92243	92300	57
108015	108054	39
135928	136141	213
168898	168928	30
64361	64412	51
934	979	45
184671	184701	30
171208	171292	84
114901	114916	15
9113	9239	126
19813	19867	54
49816	49900	84
47055	47067	12
221210	221282	72
51737	51986	249
149933	150110	177
97960	97996	36
89793	89805	12
104953	104992	39
186793	186841	48
28754	28787	33
102318	102327	9
165576	165594	18
15190	15289	99
224298	224487	189
43711	43798	87
60040	60133	93
212318	212360	42
197073	197151	78
126581	126869	288
165399	165426	27
164381	164405	24
135808	135826	18
7191	7236	45
26014	26050	36
101434	101458	24
62184	62328	144
114102	114147	45
127621	127723	102
226460	226550	90
125237	125315	78
213046	213151	105
13034	13139	105
121988	122150	162
4810	4876	66
22045	22069	24
99446	99461	15
105297	105345	48
78818	78833	15
96274	96280	6
74779	74794	15
171720	171843	123
143708	143783	75
19964	19970	6
55154	55187	33
91197	91269	72
151806	151821	15
137122	137155	33
66379	66418	39
99637	99763	126
197445	197484	39
91887	92013	126
226317	226422	105
152911	152974	63
32485	32518	33
33589	33601	12
160593	160617	24
125145	125172	27
153245	153344	99
156616	156685	69
41597	41621	24
12964	13030	66
205135	205153	18
16542	16572	30
124141	124168	27
4232	4238	6
214631	214640	9
189410	189464	54
78141	78264	123
119330	119393	63
60203	60299	96
116503	116560	57
195246	195255	9
31651	31786	135
122633	122648	15
104142	104208	66
210504	210543	39
92572	92581	9
182414	182615	201
226687	226801	114
189770	189962	192
141553	141667	114
5294	5315	21
142281	142362	81
30117	30198	81
221015	221027	12
21967	22036	69
45565	45640	75
89580	89616	36
100160	100274	114
164459	164534	75
23038	23071	33
77012	77042	30
83845	83875	30
181613	181676	63
103245	103284	39
107890	107941	51
179856	179895	39
101934	102012	78
68408	68627	219
61342	61363	21
46178	46274	96
106668	106686	18
165040	165109	69
109564	109618	54
173840	174002	162
41758	42079	321
114731	114761	30
23306	23321	15
154043	154058	15
70835	70925	90
20666	20741	75
122504	122624	120
176392	176500	108
39612	39648	36
193459	193468	9
99353	99392	39
131838	131898	60
74145	74271	126
174514	174598	84
146797	146923	126
124996	125110	114
202502	202610	108
120585	120612	27
16895	17018	123
191380	191389	9
82895	82904	9
150734	150749	15
86949	86997	48
183455	183509	54
36817	36826	9
207426	207435	9
11391	11445	54
195184	195217	33
61119	61320	201
106409	106493	84
162684	162735	51
101764	101770	6
113618	113651	33
54953	55016	63
201686	201788	102
185942	186032	90
132423	132462	39
162756	162846	90
181030	181099	69
183990	184083	93
225688	225694	6
25041	25161	120
141236	141272	36
46734	46797	63
62530	62719	189
173393	173534	141
69027	69036	9
226611	226662	51
71054	71066	12
139071	139098	27
93821	93863	42
205245	205299	54
134446	134539	93
194413	194428	15
209395	209635	240
189106	189214	108
133649	133757	108
83456	83558	102
134279	134348	69
20900	20972	72
203534	203558	24
10359	10368	9
44129	44180	51
175523	175544	21
178294	178381	87
16749	16794	45
33101	33281	180
187749	187758	9
99461	99563	102
160766	160847	81
146168	146240	72
42266	42455	189
48197	48209	12
77392	77446	54
190639	190666	27
156118	156214	96
144180	144192	12
1450	1477	27
119170	119194	24
229581	229629	48
24799	24841	42
124596	124674	78
167278	167296	18
229034	229046	12
156743	156761	18
167045	167060	15
108861	108879	18
229386	229395	9
124936	124981	45
17551	17569	18
152360	152408	48
3617	3839	222
94997	95051	54
15513	15549	36
31949	31964	15
66611	66680	69
227961	228081	120
125322	125403	81
21460	21586	126
99107	99317	210
191003	191033	30
153375	153399	24
7503	7626	123
93259	93307	48
53801	53864	63
176930	176996	66
152125	152182	57
51624	51666	42
59778	59811	33
100096	100108	12
214256	214382	126
105888	105936	48
211363	211393	30
128980	128992	12
186938	186950	12
44460	44622	162
115160	115313	153
34895	34949	54
103115	103238	123
133488	133641	153
38577	38811	234
117520	117571	51
221382	221445	63
229687	229954	267
159905	159920	15
111498	111576	78
26517	26598	81
211027	211195	168
225774	225930	156
87013	87061	48
130908	130938	30
61596	61677	81
47384	47519	135
132507	132561	54
140534	140549	15
35037	35043	6
97897	97918	21
106646	106664	18
124859	124880	21
18646	18655	9
119195	119246	51
172252	172318	66
49570	49750	180
30992	31013	21
89313	89334	21
108266	108329	63
39395	39527	132
198370	198376	6
35354	35360	6
87131	87173	42
121863	121875	12
153632	153791	159
149575	149608	33
36537	36552	15
115773	115830	57
128094	128127	33
39948	39993	45
88964	88982	18
143501	143522	21
55368	55386	18
188882	188942	60
91729	91834	105
214132	214174	42
171968	171983	15
5790	5814	24
137181	137220	39
162861	162918	57
64836	64953	117
3264	3276	12
84135	84228	93
212410	212446	36
22158	22170	12
34168	34198	30
148676	148775	99
56449	56530	81
19659	19752	93
131495	131627	132
173597	173636	39
99767	99818	51
73807	73858	51
185321	185627	306
160465	160492	27
148855	148897	42
192268	192439	171
19139	19181	42
1823	1883	60
41104	41251	147
66440	66515	75
93881	94094	213
222277	222283	6
43899	44010	111
183559	183619	60
70484	70550	66
107996	108002	6
7357	7366	9
199729	199738	9
180677	180683	6
200435	200471	36
84268	84394	126
144249	144258	9
28583	28745	162
105799	105829	30
79182	79323	141
194682	194766	84
192125	192236	111
78604	78613	9
202329	202407	78
67283	67412	129
141693	141702	9
199294	199414	120
69853	69952	99
199788	199833	45
17253	17268	15
112451	112637	186
123832	123868	36
186516	186528	12
90881	90926	45
86566	86740	174
50159	50204	45
140615	140867	252
59546	59657	111
130578	130584	6
84615	84642	27
92633	92672	39
125482	125638	156
112662	112698	36
169848	169884	36
39676	39814	138
155763	155775	12
201481	201487	6
13536	13548	12
122343	122397	54
78851	78926	75
215081	215165	84
193590	193629	39
179518	179686	168
182808	182850	42
82906	82924	18
106535	106616	81
175022	175046	24
225959	226274	315
11491	11620	129
72741	72978	237
155173	155254	81
122327	122342	15
206137	206173	36
149058	149190	132
143221	143269	48
46050	46071	21
174048	174081	33
1039	1084	45
54719	54725	6
138120	138153	33
109132	109141	9
54632	54707	75
162287	162332	45
8710	8746	36
77963	78005	42
157786	157864	78
97565	97589	24
146663	146672	9
121036	121213	177
141387	141495	108
82395	82446	51
185184	185196	12
42965	43001	36
108744	108840	96
90531	90549	18
245	263	18
27670	27685	15
14327	14384	57
43385	43403	18
197157	197226	69
59393	59495	102
203998	204037	39
190768	190870	102
156258	156402	144
20419	20635	216
225088	225244	156
76373	76499	126
100782	100848	66
174864	174900	36
23965	23989	24
79988	80156	168
158962	159166	204
12198	12225	27
118555	118570	15
228591	228636	45
72441	72534	93
2656	2743	87
117375	117381	6
227205	227295	90
222929	223049	120
202211	202226	15
56419	56434	15
145955	146006	51
83914	84100	186
218797	218941	144
15032	15065	33
21768	21843	75
164338	164377	39
40171	40192	21
138557	138641	84
138399	138417	18
77199	77208	9
121918	121939	21
24917	24950	33
88418	88439	21
118887	118893	6
207665	207704	39
16126	16192	66
138213	138288	75
130744	130762	18
55770	55782	12
113662	113695	33
103625	103697	72
105488	105650	162
32851	32866	15
102546	102615	69
225269	225398	129
66908	66965	57
98325	98331	6
97087	97102	15
155844	155943	99
151573	151603	30
2367	2421	54
111288	111405	117
79528	79720	192
220791	220920	129
89646	89778	132
149205	149220	15
108055	108169	114
104052	104103	51
212578	212587	9
199600	199648	48
111077	111098	21
35123	35207	84
191161	191218	57
175409	175466	57
32430	32445	15
24035	24110	75
160628	160658	30
4049	4079	30
148109	148148	39
75957	75963	6
1948	2020	72
222408	222657	249
94790	94862	72
68838	68901	63
90029	90059	30
120255	120297	42
68175	68223	48
33285	33507	222
16659	16680	21
9026	9110	84
134366	134381	15
60494	60578	84
62373	62484	111
62987	63170	183
71824	71983	159
210271	210355	84
77280	77382	102
24892	24904	12
64502	64517	15
84831	84930	99
211285	211318	33
2596	2632	36
84518	84602	84
106967	106973	6
220448	220550	102
218622	218628	6
134397	134439	42
135080	135200	120
198338	198368	30
182863	182941	78
80401	80413	12
105777	105783	6
80842	80869	27
110862	110892	30
197985	198156	171
136469	136589	120
86430	86442	12
58411	58444	33
184488	184506	18
45191	45221	30
196527	196566	39
177320	177401	81
176652	176763	111
175863	175941	78
1513	1531	18
4468	4579	111
181112	181130	18
171903	171942	39
36907	36922	15
142998	143040	42
210105	210201	96
89353	89530	177
13934	13970	36
198973	199063	90
169621	169642	21
71984	72005	21
216339	216429	90
166510	166570	60
33521	33569	48
8477	8642	165
102933	102948	15
69729	69735	6
190046	190079	33
150293	150356	63
51263	51317	54
89202	89226	24
185063	185069	6
179989	180124	135
209943	209991	48
21603	21609	6
221810	221819	9
126059	126101	42
57558	57591	33
104839	104863	24
199423	199453	30
191797	191809	12
40888	41074	186
146569	146587	18
63751	63850	99
79910	79934	24
69955	69979	24
73205	73238	33
96708	96732	24
108884	108914	30
50912	51101	189
26216	26237	21
13699	13876	177
74994	75069	75
210759	210807	48
67578	67893	315
196945	196993	48
142400	142448	48
229397	229565	168
48066	48075	9
63409	63442	33
62830	62839	9
44189	44363	174
164192	164198	6
52396	52537	141
18260	18287	27
82054	82075	21
189018	189036	18
219456	219597	141
148151	148256	105
7271	7277	6
56598	56604	6
227020	227038	18
35295	35307	12
1704	1812	108
92324	92357	33
204838	205003	165
774	852	78
120015	120096	81
142807	142963	156
215769	215802	33
166928	167024	96
91056	91095	39
102730	102886	156
214835	214901	66
202643	202652	9
60348	60369	21
55622	55730	108
12173	12191	18
69308	69446	138
95801	95909	108
181179	181185	6
18090	18213	123
153008	153167	159
10123	10270	147
203445	203529	84
167511	167520	9
46691	46697	6
135380	135551	171
56773	56848	75
102164	102179	15
144483	144489	6
33646	33727	81
188105	188144	39
146925	146940	15
45488	45557	69
227877	227916	39
82338	82395	57
204578	204644	66
229973	230156	183
172449	172506	57
214799	214811	12
6047	6062	15
77500	77509	9
182618	182759	141
223651	223681	30
150655	150679	24
95960	96017	57
176508	176646	138
63199	63346	147
22219	22246	27
178473	178590	117
161922	162210	288
155554	155587	33
29550	29589	39
126994	127012	18
132834	132930	96
48002	48053	51
207266	207281	15
129305	129335	30
224488	224515	27
54840	54852	12
54162	54213	51
34050	34152	102
24517	24574	57
72102	72132	30
92723	92894	171
181753	181768	15
16048	16060	12
213717	213783	66
189590	189602	12
219620	219653	33
161129	161192	63
4435	4450	15
75792	75957	165
30278	30296	18
160211	160274	63
101503	101542	39
34749	34806	57
6025	6040	15
21172	21181	9
113441	113486	45
207855	207930	75
91479	91590	111
123672	123705	33
105846	105879	33
62116	62164	48
158637	158664	27
193210	193267	57
110158	110497	339
136414	136468	54
26442	26493	51
83127	83133	6
227846	227852	6
12298	12385	87
76740	76788	48
98735	98861	126
124444	124579	135
154028	154034	6
27273	27297	24
35570	35606	36
166857	166914	57
196721	196874	153
75071	75083	12
79803	79833	30
8813	8912	99
175623	175650	27
99939	99987	48
136321	136393	72
70271	70319	48
219337	219385	48
18494	18500	6
217657	217720	63
201188	201302	114
95456	95462	6
128473	128512	39
155784	155823	39
49922	50000	78
159304	159520	216
216473	216527	54
184829	184859	30
63563	63614	51
12255	12270	15
75708	75738	30
15603	15657	54
168059	168092	33
97784	97835	51
55313	55319	6
184134	184287	153
43064	43118	54
161547	161568	21
76640	76712	72
169258	169357	99
55890	55980	90
15354	15390	36
124746	124791	45
123525	123666	141
148934	149051	117
114163	114220	57
207452	207497	45
31084	31165	81
86204	86213	9
199169	199202	33
180486	180498	12
13241	13322	81
217018	217078	60
174683	174758	75
33964	34012	48
210359	210365	6
182320	182413	93
15667	15739	72
114443	114548	105
214921	215005	84
7648	7813	165
223448	223511	63
47163	47244	81
43443	43566	123
180875	180899	24
111964	111988	24
85981	85993	12
98288	98324	36
105159	105243	84
224137	224197	60
101731	101764	33
47828	47882	54
187650	187680	30
164618	164687	69
97615	97753	138
228270	228279	9
60885	60921	36
125988	126027	39
46551	46575	24
38162	38270	108
6130	6145	15
78623	78704	81
193711	193738	27
88763	88784	21
68267	68306	39
227323	227347	24
25956	25962	6
448	595	147
25264	25285	21
170248	170308	60
47942	47999	57
104211	104265	54
87870	88392	522
201788	202007	219
131089	131113	24
34832	34880	48
79499	79517	18
79942	79975	33
181198	181252	54
56318	56405	87
106732	106807	75
165205	165283	78
86346	86430	84
113506	113548	42
182018	182108	90
86821	86911	90
166746	166842	96
186978	187215	237
169089	169173	84
194940	194958	18
92440	92473	33
192718	193075	357
192454	192487	33
91604	91643	39
45447	45465	18
129115	129187	72
189353	189407	54
67999	68023	24
199900	200032	132
98332	98359	27
1262	1334	72
19206	19404	198
225508	225610	102
44975	44981	6
1883	1892	9
152675	152888	213
194050	194194	144
8107	8161	54
103354	103360	6
179717	179828	111
25788	25917	129
26379	26442	63
56531	56594	63
219074	219212	138
29695	29728	33
195728	195737	9
5828	5885	57
177486	177600	114
76896	76920	24
95395	95422	27
98409	98442	33
68985	69018	33
109416	109467	51
12538	12610	72
86050	86140	90
31559	31619	60
58083	58122	39
188623	188629	6
166380	166425	45
226986	227007	21
186115	186190	75
115319	115328	9
52242	52383	141
94180	94285	105
131659	131707	48
86158	86167	9
140481	140517	36
209651	209666	15
141769	141790	21
57358	57382	24
103403	103430	27
204315	204534	219
173753	173795	42
173096	173327	231
210376	210502	126
137402	137504	102
221545	221728	183
190566	190599	33
37186	37273	87
179107	179146	39
132667	132721	54
17672	17903	231
228708	228750	42
70221	70251	30
34228	34354	126
215228	215249	21
206260	206275	15
187301	187382	81
119634	119799	165
143938	144085	147
213557	213566	9
143441	143477	36
71582	71636	54
110514	110526	12
90962	91049	87
9641	9707	66
27180	27204	24
158199	158307	108
164846	164945	99
85008	85023	15
204082	204295	213
162393	162423	30
149819	149873	54
192683	192692	9
32814	32847	33
93118	93139	21
60311	60320	9
159993	160071	78
6922	6979	57
111625	111859	234
167878	167941	63
153952	153961	9
116760	116796	36
194789	194825	36
156712	156742	30

