startPos	endPos	length
101482	101584	102
36099	36162	63
180569	180590	21
13499	13532	33
96377	96404	27
55548	55629	81
34787	35021	234
41406	41673	267
223786	223876	90
10309	10342	33
215847	216000	153
62075	62081	6
162568	162619	51
95258	95384	126
94068	94209	141
101906	101978	72
120170	120188	18
80495	80525	30
40145	40187	42
213764	213812	48
206092	206104	12
176293	176317	24
216627	216654	27
178502	178520	18
214565	214631	66
19666	19858	192
11852	12041	189
176954	177017	63
86154	86298	144
454	487	33
150765	150840	75
228993	229200	207
208372	208390	18
194729	194819	90
170684	170720	36
86879	86957	78
84571	84595	24
208873	208882	9
114596	114602	6
42903	42987	84
100426	100573	147
150103	150121	18
51518	51536	18
57755	57836	81
156805	156844	39
101996	102026	30
131016	131238	222
229223	229250	27
176603	176648	45
4087	4126	39
58029	58110	81
135815	135866	51
14412	14433	21
174105	174114	9
67023	67065	42
21215	21368	153
214437	214542	105
64278	64464	186
118895	119012	117
33620	33626	6
179849	179936	87
146352	146379	27
102276	102297	21
202740	202755	15
17228	17237	9
65568	65613	45
5428	5476	48
24370	24430	60
170856	171066	210
83243	83321	78
77373	77412	39
29899	29971	72
206182	206464	282
31038	31071	33
150528	150630	102
44498	44531	33
189685	189841	156
102036	102147	111
143579	143633	54
112975	113134	159
25253	25412	159
110400	110499	99
10975	10984	9
173005	173080	75
134636	134672	36
9573	9594	21
139582	139858	276
100267	100294	27
178180	178276	96
103286	103394	108
86365	86386	21
55109	55145	36
17027	17033	6
3786	3828	42
133189	133252	63
208716	208770	54
38621	38642	21
55859	55889	30
43974	44064	90
187312	187324	12
198378	198393	15
95535	95694	159
138679	138703	24
213059	213095	36
32757	32955	198
121780	121840	60
205444	205738	294
156115	156169	54
13104	13158	54
9818	9839	21
182454	182559	105
129932	129944	12
99499	99604	105
1396	1732	336
85717	85732	15
1760	1874	114
48174	48222	48
20411	20480	69
218444	218498	54
175586	175724	138
206053	206071	18
184369	184393	24
37891	38050	159
183353	183377	24
143308	143437	129
61059	61434	375
31480	31516	36
163039	163129	90
156187	156253	66
149124	149217	93
113516	113543	27
191446	191461	15
123707	123851	144
8273	8312	39
97582	98038	456
63479	63632	153
160156	160306	150
47454	47538	84
153940	154018	78
11514	11610	96
37829	37859	30
216274	216313	39
37267	37312	45
15003	15102	99
72890	72908	18
70581	70596	15
109851	109923	72
181470	181590	120
28720	28738	18
85881	85944	63
41036	41135	99
163503	163515	12
39747	39864	117
88182	88239	57
181793	181802	9
134938	134944	6
104735	104759	24
87295	87304	9
127430	127442	12
112773	112833	60
159592	159604	12
91599	91671	72
88399	88486	87
175731	175848	117
157648	157678	30
173984	173996	12
127079	127109	30
161669	161678	9
173663	173708	45
109167	109197	30
80971	81037	66
155299	155365	66
143570	143576	6
161279	161396	117
225550	225637	87
101674	101737	63
116006	116030	24
225715	225739	24
78196	78301	105
168287	168365	78
75669	75675	6
33499	33529	30
60116	60128	12
196456	196483	27
49757	49775	18
192389	192425	36
165783	165795	12
147240	147297	57
4328	4391	63
14122	14203	81
136204	136444	240
71238	71253	15
35072	35144	72
109255	109306	51
8035	8044	9
103396	103555	159
58520	58613	93
184266	184284	18
112571	112592	21
117233	117284	51
114710	114806	96
196558	196579	21
162921	162942	21
124899	124911	12
204949	204964	15
130323	130377	54
214953	215055	102
301	427	126
3448	3493	45
122876	122891	15
41780	41816	36
204073	204100	27
60426	60462	36
159836	159860	24
73862	73925	63
69790	69796	6
35342	35471	129
51	66	15
43930	43945	15
168393	168402	9
103110	103179	69
206489	206537	48
226196	226286	90
202637	202682	45
192536	192605	69
216382	216418	36
54053	54107	54
224351	224399	48
75855	75876	21
72088	72139	51
214247	214277	30
85228	85324	96
37731	37782	51
140780	140831	51
49478	49589	111
118451	118532	81
44294	44372	78
166965	167160	195
140349	140460	111
110541	110568	27
210400	210463	63
143744	143822	78
28902	28935	33
143113	143185	72
51138	51228	90
221179	221290	111
101821	101884	63
220994	221066	72
214048	214096	48
211876	211936	60
153641	153653	12
53958	53967	9
132815	132833	18
46417	46465	48
210070	210076	6
146401	146506	105
160013	160043	30
68413	68440	27
161405	161501	96
131855	131945	90
17107	17119	12
223629	223635	6
193809	193827	18
183039	183153	114
118709	118721	12
24868	24901	33
39880	39958	78
3858	3960	102
12639	12720	81
179527	179638	111
117728	117779	51
32109	32301	192
27868	27997	129
185368	185377	9
228355	228379	24
83027	83108	81
77971	78052	81
37637	37670	33
191686	191839	153
62144	62357	213
119920	119959	39
74397	74412	15
63995	64007	12
45932	46073	141
40470	40539	69
13085	13100	15
127155	127212	57
157975	158041	66
142387	142399	12
227980	228022	42
223518	223569	51
216745	216790	45
63632	63737	105
62898	62961	63
59883	59970	87
180463	180481	18
73635	73707	72
18072	18138	66
102151	102202	51
75726	75849	123
8659	8677	18
155211	155277	66
207674	207698	24
77015	77222	207
130866	130902	36
80045	80078	33
211311	211533	222
49874	50120	246
157951	157966	15
219733	219739	6
60340	60361	21
38550	38583	33
118371	118446	75
133078	133186	108
83623	83662	39
172744	172777	33
65767	65782	15
101122	101188	66
9921	10035	114
214365	214371	6
128972	129014	42
12409	12457	48
216821	216845	24
88512	88533	21
185314	185338	24
175144	175180	36
177504	177519	15
148886	148907	21
116294	116339	45
95169	95253	84
107415	107421	6
117513	117573	60
96473	96704	231
2407	2497	90
87712	87754	42
108668	108680	12
118292	118370	78
102300	102354	54
59337	59367	30
220638	220677	39
171735	171795	60
19421	19460	39
164036	164108	72
126998	127052	54
7349	7424	75
226352	226430	78
67659	67851	192
56238	56274	36
23200	23239	39
190550	190601	51
172298	172361	63
215089	215101	12
116447	116501	54
62809	62845	36
20801	20825	24
223074	223083	9
227855	227864	9
130537	130690	153
46760	46808	48
18817	19015	198
54708	54840	132
196800	196842	42
23841	24018	177
179392	179413	21
203462	203510	48
152171	152192	21
54457	54466	9
165842	165950	108
9118	9175	57
57270	57339	69
201130	201235	105
46880	46916	36
222770	222857	87
4971	5043	72
116386	116407	21
168025	168037	12
41918	41942	24
15376	15394	18
20752	20779	27
79246	79438	192
52148	52253	105
54286	54292	6
91381	91519	138
134461	134551	90
78771	78831	60
228849	228915	66
62443	62605	162
30575	30629	54
136701	136797	96
52916	52985	69
2971	3016	45
38175	38196	21
101200	101224	24
176213	176225	12
159263	159275	12
121190	121349	159
211675	211744	69
131331	131355	24
181082	181109	27
105662	105692	30
27075	27135	60
102569	102617	48
51603	51630	27
140956	141043	87
200153	200222	69
153657	153756	99
5760	5844	84
203064	203265	201
107013	107064	51
24240	24321	81
42646	42721	75
37586	37622	36
157470	157506	36
48387	48438	51
69216	69264	48
151052	151073	21
96266	96308	42
16876	16918	42
215545	215551	6
2876	2885	9
91240	91249	9
120643	120661	18
114130	114241	111
108625	108646	21
155961	156084	123
142792	142807	15
125185	125197	12
72957	72966	9
51799	52030	231
180602	180728	126
58808	58862	54
163822	163885	63
125803	125860	57
185662	185716	54
148170	148197	27
221916	221922	6
220555	220567	12
157712	157733	21
67412	67520	108
21377	21407	30
229714	229762	48
165558	165573	15
61691	61721	30
171338	171452	114
66082	66157	75
197525	197543	18
177266	177404	138
187570	187624	54
203292	203298	6
95143	95158	15
186566	186881	315
157064	157088	24
43687	43783	96
108100	108181	81
107339	107375	36
38845	38884	39
59851	59881	30
197730	197751	21
70286	70343	57
144812	144845	33
103824	104061	237
159487	159553	66
73376	73403	27
65035	65053	18
206627	206645	18
160661	160745	84
71010	71091	81
108955	109009	54
210563	210791	228
176372	176381	9
156493	156598	105
48854	48875	21
98794	98905	111
223288	223318	30
104570	104621	51
92333	92381	48
6627	6633	6
56012	56192	180
157276	157462	186
175404	175542	138
148357	148363	6
150138	150261	123
169868	169886	18
77238	77274	36
221885	221894	9
170351	170450	99
110005	110020	15
7633	7732	99
12057	12069	12
138016	138145	129
76591	76663	72
198294	198378	84
91883	91895	12
208838	208868	30
148743	148848	105
173858	173894	36
201766	201820	54
76190	76322	132
99950	99971	21
87956	87980	24
179736	179844	108
140265	140271	6
93554	93590	36
157843	157939	96
182293	182347	54
116826	116838	12
10793	10820	27
15209	15230	21
115518	115572	54
42372	42396	24
118552	118618	66
137582	137621	39
130088	130214	126
46470	46479	9
125432	125552	120
201543	201555	12
126812	126905	93
188120	188126	6
210493	210526	33
183172	183343	171
48750	48792	42
28022	28028	6
36557	36590	33
174011	174023	12
99036	99120	84
61733	61781	48
51760	51790	30
144933	145098	165
10345	10366	21
24022	24124	102
27583	27643	60
36690	36873	183
74462	74468	6
154939	154981	42
58319	58346	27
16068	16182	114
91524	91584	60
206804	206846	42
45834	45870	36
191358	191439	81
71919	72030	111
178936	178948	12
149741	149789	48
32659	32689	30
97056	97071	15
101756	101819	63
45221	45344	123
214110	214203	93
201408	201417	9
62992	63016	24
127819	127885	66
34164	34188	24
74948	75029	81
217896	217923	27
186104	186188	84
7933	8011	78
111018	111039	21
100307	100346	39
205778	205973	195
137990	137999	9
27230	27335	105
153177	153216	39
35167	35182	15
195803	195815	12
120555	120642	87
132966	133035	69
33113	33194	81
44086	44233	147
195395	195599	204
30289	30382	93
98135	98258	123
41148	41190	42
200834	200903	69
127303	127333	30
178809	178824	15
154523	154649	126
13937	13994	57
208179	208203	24
98291	98483	192
2255	2285	30
202989	203013	24
43465	43513	48
190784	190895	111
146887	146908	21
66518	66560	42
162667	162730	63
202714	202729	15
40971	40980	9
175287	175371	84
199038	199095	57
69569	69650	81
55257	55269	12
157005	157035	30
87334	87475	141
125201	125255	54
34482	34731	249
122512	122746	234
15174	15207	33
129963	129975	12
140853	140901	48
165582	165687	105
37454	37490	36
85603	85666	63
73569	73596	27
125627	125657	30
85430	85487	57
111969	111993	24
138649	138670	21
128729	128777	48
178799	178805	6
88786	89017	231
167851	167926	75
189300	189312	12
158866	158875	9
62399	62417	18
14585	14597	12
81771	81819	48
228147	228201	54
151493	151619	126
99773	99815	42
197119	197149	30
132420	132492	72
164487	164754	267
68982	68997	15
24923	24998	75
184485	184512	27
149806	149905	99
219779	219806	27
95714	95735	21
96814	96829	15
80900	80921	21
100968	101091	123
187187	187196	9
168540	168588	48
39103	39112	9
199111	199144	33
129513	129525	12
72494	72539	45
97315	97516	201
180136	180202	66
6839	6983	144
182817	183033	216
176504	176549	45
113578	113755	177
209769	209778	9
50709	50793	84
100619	100676	57
222865	222880	15
28051	28066	15
193640	193733	93
8684	8807	123
35228	35327	99
51241	51400	159
171593	171617	24
21831	21846	15
173619	173628	9
143447	143567	120
156926	156998	72
18483	18588	105
175856	175919	63
126111	126117	6
94936	94945	9
164135	164207	72
217937	217979	42
9741	9750	9
97233	97275	42
61800	62001	201
65372	65558	186
158828	158855	27
144279	144399	120
108403	108487	84
29717	29759	42
12194	12242	48
16927	17026	99
104775	104865	90
88553	88631	78
140751	140775	24
23774	23816	42
41363	41375	12
206877	206913	36
109519	109546	27
29053	29071	18
203891	203921	30
120068	120170	102
58886	58910	24
60512	60560	48
20053	20071	18
9622	9628	6
192303	192384	81
199184	199196	12
74602	74623	21
83741	83810	69
153452	153488	36
40963	40969	6
202069	202120	51
11255	11288	33
123285	123393	108
208125	208140	15
13313	13472	159
205351	205390	39
197587	197611	24
44547	44628	81
92757	92781	24
202016	202067	51
60653	60671	18
207628	207652	24
78974	79139	165
3039	3051	12
6696	6726	30
211983	212016	33
188541	188658	117
215106	215112	6
200692	200824	132
65082	65139	57
149253	149295	42
110237	110261	24
44388	44418	30
184068	184131	63
82400	82502	102
87477	87507	30
92842	92881	39
69656	69737	81
96721	96763	42
180749	180800	51
220074	220092	18
142006	142039	33
75293	75506	213
215606	215612	6
66944	66989	45
193978	194206	228
176675	176726	51
116187	116214	27
152651	152666	15
19497	19533	36
12562	12634	72
159741	159759	18
81070	81175	105
188760	188775	15
179493	179511	18
111564	111600	36
93288	93354	66
119494	119500	6
184629	184647	18
80525	80552	27
200227	200368	141
114880	114940	60
22534	22570	36
198898	199003	105
17338	17647	309
85789	85849	60
215170	215209	39
176837	176894	57
22577	22616	39
16585	16696	111
56464	56521	57
205167	205302	135
151245	151290	45
90265	90313	48
113947	113971	24
207368	207374	6
27139	27190	51
5582	5618	36
55428	55542	114
33662	33716	54
49069	49180	111
107583	107676	93
154170	154188	18
111810	111867	57
37117	37249	132
204024	204066	42
111320	111344	24
82720	82753	33
25631	25661	30
130401	130410	9
223190	223241	51
60811	60829	18
169365	169419	54
220898	220910	12
115051	115126	75
190215	190224	9
156462	156477	15
148004	148061	57
85027	85033	6
74805	74946	141
216438	216555	117
169167	169182	15
83176	83188	12
8050	8062	12
162216	162240	24
38933	39029	96
24725	24824	99
203342	203360	18
91743	91794	51
84942	84990	48
43206	43464	258
52799	52817	18
167450	167522	72
145241	145334	93
201828	201894	66
161837	161855	18
164985	164994	9
219914	220049	135
196995	197004	9
120727	120895	168
197472	197496	24
78302	78566	264
34282	34396	114
150864	151008	144
33950	34007	57
31437	31458	21
204558	204690	132
167926	168025	99
132493	132688	195
654	663	9
34040	34079	39
10042	10153	111
11378	11402	24
98105	98135	30
91049	91142	93
36948	37050	102
145379	145463	84
137967	137979	12
126075	126081	6
76507	76540	33
10186	10228	42
45011	45068	57
228768	228816	48
84716	84725	9
68607	68703	96
50880	51138	258
181738	181771	33
4161	4218	57
162266	162278	12
133968	134025	57
21627	21741	114
134715	134721	6
160813	160987	174
161859	161910	51
191284	191299	15
11407	11476	69
111194	111230	36
197268	197436	168
28406	28550	144
62758	62806	48
217057	217081	24
114319	114460	141
40567	40609	42
224736	224760	24
189522	189642	120
154063	154105	42
128945	128966	21
82272	82323	51
170284	170329	45
151638	151773	135
130475	130529	54
216877	216904	27
153859	153874	15
213831	214032	201
199204	199300	96
149915	150002	87
189117	189138	21
210225	210288	63
73789	73837	48
26702	26762	60
185797	185896	99
183668	183707	39
38222	38282	60
221807	221816	9
118	166	48
959	1124	165
139498	139525	27
9254	9269	15
64564	64591	27
155456	155549	93
47875	47884	9
70893	70944	51
168769	168790	21
122081	122090	9
73509	73554	45
223151	223172	21
29785	29851	66
218659	218875	216
72915	72948	33
7253	7304	51
80027	80042	15
94702	94759	57
205051	205090	39
159886	159946	60
41967	42162	195
221528	221618	90
131997	132027	30
8541	8580	39
100746	100794	48
179701	179725	24
144163	144244	81
197663	197717	54
182667	182706	39
148696	148702	6
36327	36351	24
201040	201058	18
3986	4013	27
31982	31994	12
209151	209211	60
28957	29011	54
38324	38342	18
124049	124070	21
177535	177541	6
210083	210170	87
100825	100957	132
136016	136124	108
163351	163426	75
216919	216982	63
129339	129435	96
210475	210484	9
185952	186054	102
60169	60217	48
186451	186466	15
199541	199589	48
164771	164897	126
92796	92808	12
84020	84176	156
7795	7891	96
25696	25741	45
219635	219662	27
151353	151386	33
108195	108297	102
113796	113820	24
146775	146826	51
178969	179053	84
120915	120981	66
140207	140237	30
212994	213000	6
156665	156692	27
201690	201741	51
19882	20008	126
39237	39243	6
121928	121946	18
59730	59829	99
186067	186100	33
158140	158302	162
178387	178444	57
160348	160447	99
53142	53277	135
138446	138476	30
9199	9220	21
9517	9556	39
93807	93963	156
120474	120501	27
126141	126264	123
161701	161788	87
36177	36249	72
52455	52698	243
91256	91322	66
191625	191646	21
170736	170823	87
57177	57183	6
98491	98599	108
47762	47849	87
164210	164264	54
685	871	186
19152	19191	39
58660	58702	42
6344	6404	60
95767	95842	75
161645	161666	21
198548	198644	96
86599	86677	78
40244	40358	114
16460	16499	39
200097	200127	30
29143	29182	39
28598	28652	54
194278	194425	147
10409	10550	141
105819	105834	15
137331	137337	6
111506	111515	9
180835	180853	18
52998	53022	24
89425	89488	63
140662	140689	27
140460	140559	99
163614	163647	33
107451	107478	27
50302	50380	78
207818	207932	114
162012	162102	90
5487	5505	18
16018	16030	12
169580	169616	36
18050	18068	18
65694	65742	48
155615	155693	78
124579	124846	267
173477	173594	117
125923	126046	123
199350	199365	15
173757	173811	54
92459	92465	6
29461	29611	150
135142	135196	54
43090	43129	39
179171	179387	216
187367	187397	30
189159	189222	63
16782	16815	33
188804	188852	48
200391	200655	264
128796	128913	117
212861	212987	126
224961	225171	210
91978	92098	120
148078	148117	39
126442	126469	27
1963	2107	144
97182	97215	33
187078	187093	15
218965	218998	33
210013	210031	18
156322	156406	84
141470	141575	105
39686	39746	60
84513	84540	27
87828	87924	96
92494	92569	75
179059	179098	39
96410	96455	45
223887	224019	132
146124	146193	69
46973	47021	48
178342	178357	15
30027	30183	156
45674	45788	114
134722	134806	84
167167	167302	135
112231	112240	9
168716	168728	12
15577	15631	54
23434	23473	39
70496	70535	39
149684	149720	36
211007	211124	117
89987	90245	258
81646	81688	42
143696	143729	33
203763	203859	96
68223	68277	54
84448	84493	45
121398	121410	12
44476	44494	18
222998	223004	6
7733	7790	57
5275	5317	42
47215	47257	42
202899	202926	27
38645	38780	135
57391	57523	132
202477	202582	105
104338	104545	207
216122	216191	69
99900	99948	48
211261	211291	30
76139	76172	33
150282	150387	105
144113	144152	39
166038	166047	9
21950	22193	243
69539	69545	6
147693	147843	150
23321	23390	69
227471	227591	120
217510	217717	207
124419	124509	90
222950	222977	27
172561	172600	39
121582	121657	75
12733	12787	54
144865	144898	33
68098	68173	75
7313	7340	27
27	39	12
208628	208649	21
115506	115518	12
25908	25923	15
153562	153574	12
138772	138820	48
98950	98956	6
57063	57132	69
69100	69130	30
194484	194562	78
6284	6305	21
47559	47598	39
117341	117491	150
120287	120371	84
206994	207105	111
215243	215303	60
70124	70145	21
53610	53673	63
107683	107863	180
110908	110983	75
157799	157823	24
70449	70479	30
223424	223433	9
153234	153291	57
106467	106668	201
107484	107541	57
201960	201981	21
185397	185568	171
214278	214311	33
41311	41359	48
208592	208601	9
192171	192234	63
103049	103064	15
208956	209013	57
31277	31400	123
228406	228430	24
141152	141248	96
209029	209110	81
189021	189087	66
88759	88786	27
117086	117233	147
83325	83382	57
17761	17770	9
4393	4516	123
166058	166133	75
115790	115826	36
143244	143256	12
161118	161184	66
63118	63220	102
207235	207274	39
183916	184003	87
175126	175132	6
186349	186427	78
33808	33859	51
26530	26545	15
110318	110351	33
116581	116653	72
128478	128514	36
216857	216875	18
148398	148443	45
74159	74243	84
177734	177815	81
64022	64067	45
110588	110906	318
177412	177469	57
50126	50141	15
148509	148647	138
157579	157642	63
21043	21160	117
112639	112648	9
190265	190439	174
187637	187709	72
89052	89136	84
52278	52305	27
195868	195907	39
18277	18358	81
4516	4636	120
88107	88170	63
50419	50479	60
158716	158740	24
147105	147153	48
55272	55377	105
89807	89936	129
81862	82039	177
129269	129284	15
180869	180974	105
17816	17855	39
105076	105103	27
70214	70244	30
121868	121895	27
91154	91205	51
171460	171490	30
79451	79547	96
63833	63869	36
178320	178329	9
151985	152045	60
83987	84020	33
219564	219579	15
132082	132148	66
184715	184802	87
58361	58418	57
212244	212427	183
146258	146279	21
23543	23621	78
78633	78735	102
111366	111459	93
109585	109612	27
180996	181059	63
41851	41866	15
123225	123252	27
229360	229381	21
53700	53877	177
30397	30421	24
136844	136853	9
215323	215404	81
174901	174907	6
48976	48982	6
43809	43923	114
49854	49872	18
85170	85176	6
227898	227943	45
155711	155933	222
141887	141977	90
136144	136174	30
94287	94347	60
30639	30717	78
58266	58287	21
133582	133606	24
195749	195782	33
190945	190978	33
68440	68593	153
190775	190781	6
40008	40101	93
103679	103739	60
113156	113276	120
177629	177674	45
112688	112760	72
12795	12921	126
5622	5703	81
90679	90724	45
199962	200040	78
166326	166350	24
82545	82599	54
76925	76964	39
214708	214717	9
114520	114565	45
72334	72376	42
207145	207178	33
202596	202608	12
42500	42512	12
138525	138594	69
114052	114127	75
137351	137399	48
174655	174733	78
28305	28374	69
90592	90634	42
133733	133922	189
116999	117068	69
159087	159243	156
137885	137891	6
7566	7575	9
34440	34452	12
128566	128698	132
221634	221664	30
139158	139245	87
35854	35872	18
192443	192494	51
65144	65243	99
72387	72492	105
175941	176070	129
81219	81282	63
226119	226185	66
160995	161109	114
81037	81067	30
79161	79209	48
219220	219304	84
172663	172720	57
166487	166664	177
98601	98754	153
112093	112123	30
202144	202150	6
8186	8198	12
35640	35649	9
228555	228561	6
181869	181902	33
105349	105484	135
18022	18040	18
215708	215756	48
589	649	60
226433	226466	33
28115	28301	186
206720	206738	18
42769	42814	45
16519	16582	63
158741	158774	33
145777	145858	81
127644	127767	123
196929	196971	42
154801	154897	96
14904	14967	63
102384	102438	54
180258	180348	90
177876	177921	45
171859	172111	252
147405	147588	183
106916	106952	36
36075	36087	12
212494	212614	120
116847	116898	51
10871	10877	6
31734	31857	123
222623	222686	63
214726	214885	159
11669	11762	93
168202	168241	39
76806	76881	75
110082	110184	102
113912	113945	33
72204	72312	108
164268	164337	69
136863	136869	6
117817	117844	27
136624	136630	6
21877	21883	6
220200	220365	165
85336	85423	87
142467	142500	33
77934	77958	24
213585	213738	153
191301	191343	42
174518	174578	60
55162	55225	63
189222	189258	36
84845	84881	36
145119	145221	102
83682	83733	51
157760	157769	9
56284	56401	117
166674	166815	141
55010	55061	51
48497	48515	18
99740	99755	15
109780	109825	45
165983	166034	51
54003	54018	15
38117	38153	36
133514	133571	57
49374	49443	69
137066	137225	159
135327	135612	285
93613	93691	78
4251	4326	75
137695	137722	27
75522	75618	96
40763	40772	9
218137	218314	177
86124	86154	30
162291	162411	120
217848	217884	36
73600	73615	15
201244	201331	87
184803	184947	144
146592	146631	39
67881	68076	195
209328	209373	45
207516	207543	27
189971	190025	54
168673	168697	24
67306	67366	60
5924	5981	57
126554	126608	54
209426	209741	315
49603	49705	102
89295	89379	84
23111	23156	45
88670	88679	9
61435	61480	45
153897	153906	9
100716	100740	24
139405	139450	45
15758	16010	252
107131	107263	132
112123	112210	87
204264	204531	267
119213	119405	192
85531	85543	12
53458	53503	45
134118	134142	24
172412	172430	18
47636	47660	24
92143	92179	36
108520	108529	9
4853	4880	27
75683	75722	39
208479	208497	18
30874	30970	96
225465	225498	33
154361	154370	9
39547	39562	15
112334	112460	126
90915	90939	24
58921	58993	72
176115	176178	63
165022	165148	126
93709	93745	36
203645	203726	81
154106	154154	48
224787	224817	30
193538	193616	78
144264	144276	12
152715	152826	111
67230	67248	18
181909	182188	279
59535	59655	120
16362	16458	96
188904	188982	78
160528	160615	87
14782	14872	90
177928	177940	12
174170	174212	42
134238	134268	30
206553	206589	36
222499	222517	18
177043	177097	54
48692	48731	39
222254	222401	147
193853	193877	24
93034	93178	144
54628	54670	42
6463	6490	27
175218	175263	45
73043	73169	126
87027	87168	141
102708	102990	282
113297	113432	135
113471	113495	24
130956	130962	6
211206	211239	33
70714	70774	60
154701	154725	24
26387	26498	111
40411	40423	12
65821	65899	78
169104	169161	57
20104	20125	21
94948	94975	27
28661	28709	48
27795	27825	30
168807	169080	273
115275	115437	162
86975	87002	27
172178	172211	33
163203	163227	24
142733	142775	42
64622	64673	51
56523	56652	129
50584	50671	87
167361	167442	81
172888	173002	114
46925	46937	12
36409	36544	135
115584	115629	45
51678	51699	21
211537	211573	36
33745	33754	9
122100	122139	39
167537	167768	231
9273	9498	225
92615	92741	126
123484	123601	117
177184	177262	78
35954	35984	30
213275	213461	186
40541	40550	9
110999	111005	6
121665	121761	96
16709	16739	30
3363	3438	75
198752	198848	96
81591	81621	30
192914	192959	45
215619	215652	33
183520	183544	24
29212	29239	27
96313	96355	42
111739	111799	60
24459	24567	108
71092	71233	141
169224	169272	48
139274	139295	21
228030	228096	66
126344	126416	72
190618	190717	99
91918	91957	39
148224	148236	12
81460	81529	69
134707	134713	6
226843	226897	54
139862	140129	267
173287	173473	186
84245	84368	123
64676	64721	45
170036	170141	105
106316	106355	39
182193	182220	27
166831	166924	93
23753	23768	15
105939	106065	126
106168	106198	30
226500	226602	102
217448	217460	12
57950	57962	12
81358	81418	60
224633	224723	90
207186	207204	18
159957	159993	36
59122	59176	54
23689	23746	57
152618	152636	18
22681	23062	381
8095	8113	18
10598	10634	36
222402	222408	6
127988	128216	228
189420	189507	87
74437	74446	9
100210	100255	45
131403	131409	6
31943	31982	39
27998	28010	12
105526	105658	132
198187	198223	36
227166	227229	63
8951	9026	75
80677	80698	21
104245	104257	12
114625	114673	48
84767	84845	78
224538	224604	66
171116	171143	27
15708	15756	48
219009	219150	141
32437	32503	66
42234	42333	99
14877	14883	6
68855	68960	105
225868	225994	126
178534	178600	66
188411	188456	45
141601	141760	159
5052	5175	123
10897	10906	9
165488	165500	12
164917	164977	60
33002	33050	48
78937	78946	9
43519	43681	162
197752	198088	336
53551	53557	6
44655	44865	210
74673	74703	30
17679	17724	45
107872	108100	228
220534	220543	9
145498	145534	36
18371	18398	27
27472	27574	102
123946	123961	15
142086	142317	231
84402	84447	45
209794	209815	21
80291	80417	126
94017	94026	9
123033	123087	54
193440	193497	57
15433	15454	21
159606	159702	96
151802	151880	78
74481	74574	93
59246	59276	30
19626	19635	9
140291	140330	39
99133	99277	144
126625	126694	69
7448	7565	117
131506	131650	144
221993	222080	87
195950	196073	123
192800	192842	42
132217	132238	21
42400	42451	51
104648	104729	81
122793	122871	78
199695	199866	171
143021	143042	21
62628	62664	36
128266	128449	183
59431	59485	54
14221	14275	54
94525	94600	75
186559	186565	6
100042	100138	96
79555	79657	102
136665	136689	24
6067	6178	111
60890	61004	114
174819	174876	57
228657	228669	12
173181	173241	60
171182	171272	90
138428	138434	6
46583	46589	6
129583	129697	114
69447	69489	42
187777	187975	198
218007	218088	81
89701	89761	60
122360	122399	39
69984	70074	90
105126	105195	69
92990	92999	9
25929	26004	75
193393	193420	27
195178	195343	165
226059	226074	15
202324	202423	99
151096	151183	87
225177	225228	51
19294	19402	108
138972	139011	39
196272	196335	63
31130	31205	75
187280	187310	30
198852	198876	24
196599	196608	9
187467	187560	93
94365	94506	141
66305	66311	6
58460	58481	21
25093	25174	81
185168	185255	87
159369	159441	72
229778	229949	171
77750	77906	156
90325	90364	39
224055	224157	102
118118	118238	120
121055	121169	114
146521	146566	45
66232	66238	6
22357	22408	51
102625	102649	24
66411	66492	81
61620	61671	51
104933	104966	33
72589	72847	258
66738	66921	183
44879	44990	111
188007	188025	18
179422	179458	36
163971	164031	60
217252	217294	42
123401	123479	78
669	678	9
96890	96962	72
193184	193355	171
213119	213200	81
106358	106382	24
124000	124024	24
45370	45562	192
118773	118782	9
48955	48970	15
3604	3655	51
14624	14675	51
125156	125174	18
213535	213577	42
11024	11084	60
146086	146107	21
104627	104633	6
211801	211828	27
144417	144639	222
122139	122199	60
174378	174441	63
14006	14030	24
127482	127503	21
149353	149521	168
154371	154404	33
153295	153319	24
60694	60730	36
208267	208285	18
136918	137044	126
49034	49049	15
149040	149067	27
13599	13674	75
21428	21563	135
109652	109685	33
56196	56235	39
31584	31677	93
157044	157053	9
168503	168512	9
84612	84630	18
174134	174158	24
152917	153160	243
130413	130434	21
133338	133410	72
158372	158447	75
229985	230192	207
49725	49734	9
69929	69977	48
96064	96223	159
227703	227826	123
135222	135309	87
194911	195061	150
113853	113907	54
176073	176088	15
71286	71835	549
7024	7090	66
158938	158959	21
151010	151022	12
127889	127946	57
134982	135123	141
218516	218525	9
27382	27406	24
79739	79982	243
67098	67179	81
73298	73343	45
76074	76086	12
129878	129887	9
220709	220889	180
143916	143952	36
157158	157227	69
165358	165436	78
132908	132932	24
32352	32400	48
130292	130301	9
101263	101416	153
55645	55735	90
211853	211871	18
116218	116230	12
82909	82930	21
129894	129900	6
225420	225450	30
25455	25500	45
170635	170677	42
155594	155615	21
56660	56975	315
137468	137552	84
65956	66031	75
167809	167824	15
141761	141848	87
99284	99311	27
188182	188311	129
195697	195715	18
54120	54135	15
191086	191224	138
47898	48036	138
141371	141410	39
166233	166245	12
3290	3311	21
20549	20672	123
54522	54615	93
117576	117633	57
188723	188759	36
163326	163338	12
223343	223403	60
8398	8536	138
149542	149566	24
152344	152536	192
69824	69893	69
15477	15552	75
143956	144025	69
181119	181359	240
48085	48145	60
226633	226747	114
33205	33274	69
149072	149081	9
83837	83951	114
184967	185105	138
158070	158118	48
165309	165354	45
198112	198154	42
64134	64224	90
172619	172655	36
177997	178015	18
158478	158541	63
110023	110077	54
217092	217101	9
40718	40760	42
145594	145708	114
202962	202977	15
39308	39404	96
19112	19145	33
112243	112261	18
216019	216112	93
105869	105905	36
22271	22304	33

