>gi|108885074|ref|NC_000908.2| Mycoplasma genitalium G37, complete genome
orf00001   579804        3  +1     3.55
orf00002      686     1828  +2     5.83
orf00003     1828     2760  +1     7.28
orf00004     2845     4797  +1    11.54
orf00006     4812     7322  +3     7.90
orf00008     7294     8547  +1    11.76
orf00009     8551     9183  +1    10.36
orf00010     9156     9920  +3     7.35
orf00011     9923    11251  +2    10.60
orf00013    11251    12039  +1     9.10
orf00014    12068    12724  +2     7.80
orf00015    13564    12701  -2     8.66
orf00016    14432    13569  -3     7.75
orf00017    15216    14395  -1     6.09
orf00018    15555    17426  +3     9.46
orf00019    17473    19242  +1     7.72
orf00021    19252    22347  +1    10.65
orf00022    22389    23558  +3    11.73
orf00023    23542    24468  +1    12.11
orf00024    24468    26006  +3     7.85
orf00025    26036    26473  +2     9.76
orf00027    26500    27345  +1    13.70
orf00029    27346    28449  +1    11.88
orf00030    28730    29548  +2     7.41
orf00032    29552    30124  +2    10.76
orf00033    30105    30548  +3     8.56
orf00034    30548    31153  +2    10.02
orf00036    31703    31143  -3     7.54
orf00037    32325    31705  -1     9.10
orf00038    36714    32359  -1    11.14
orf00039    36977    38977  +2    10.65
orf00040    39175    39903  +1    10.28
orf00041    40513    39872  -2    11.35
orf00042    40542    41786  +3    10.68
orf00043    41758    43428  +1    10.07
orf00044    43404    44753  +3     8.27
orf00045    46276    44750  -2    10.89
orf00046    47421    46267  -1    11.90
orf00048    47580    49355  +3    12.38
orf00049    49376    49642  +2    11.46
orf00050    49840    51519  +1    12.31
orf00051    51596    52381  +2     9.43
orf00053    52365    53219  +3     5.40
orf00054    53204    54655  +2    11.98
orf00055    54657    55604  +3    10.50
orf00056    55588    56739  +1    10.48
orf00058    56715    56972  +3     5.64
orf00059    58309    56969  -2     9.79
orf00060    58413    59078  +3     8.46
orf00061    59082    59753  +3    11.74
orf00062    59740    61005  +1    13.28
orf00064    61014    61406  +3     4.20
orf00065    61406    63058  +2    10.38
orf00066    63985    63035  -2    13.09
orf00067    64360    63989  -2     6.13
orf00068    64910    64527  -3     7.95
orf00069    65730    64897  -1     8.98
orf00070    66248    65712  -3    10.29
orf00071    67225    66227  -2    11.01
orf00072    67643    67206  -3     7.86
orf00074    67650    68543  +3     8.02
orf00076    70225    68522  -2     8.77
orf00077    70530    72572  +3    10.08
orf00078    72523    73434  +1     7.86
orf00080    73523    73648  +2    10.05
orf00081    73690    77685  +1    11.33
orf00082    77685    79085  +3    12.93
orf00083    79089    81035  +3    11.72
orf00084    81046    82596  +1    11.29
orf00086    82620    84044  +3     9.44
orf00088    84082    84408  +1     4.43
orf00089    84551    85555  +2     6.58
orf00090    85589    85999  +2     7.83
orf00092    86141    86025  -3    11.80
orf00093    86134    86616  +1     6.19
orf00094    86827    87645  +1    13.10
orf00097    87935    88207  +2     7.51
orf00100    88228    90954  +1    12.57
orf00101    91065    91919  +3    13.10
orf00103    91924    94548  +1    12.19
orf00104    94535    96955  +2    12.96
orf00105    96933    98903  +3    11.68
orf00106    99044    99319  +2     9.57
orf00107    99383   102457  +2    11.79
orf00108   102870   102454  -1     8.35
orf00109   103161   104327  +3    11.85
orf00110   104320   105450  +1    11.28
orf00112   105452   106660  +2    12.36
orf00113   106660   109206  +1    12.12
orf00114   109262   109675  +2    14.07
orf00115   109675   110355  +1    15.36
orf00116   110355   110924  +3     5.34
orf00117   110917   111789  +1    11.09
orf00118   111790   112725  +1    13.57
orf00119   112718   113866  +2    10.31
orf00120   113895   114314  +3     8.55
orf00121   114331   114798  +1    13.75
orf00124   114808   116874  +1    14.64
orf00125   116926   117552  +1    13.24
orf00126   117553   118035  +1    10.50
orf00127   118028   118342  +2     8.25
orf00128   118345   118797  +1    12.89
orf00130   118781   120187  +2    12.85
orf00131   120191   121387  +2    12.20
orf00134   121571   123523  +2    12.02
orf00135   123586   124317  +1    10.08
orf00136   124417   125850  +1    10.70
orf00138   125853   127286  +3    12.57
orf00140   127279   128712  +1     9.46
orf00141   128687   129355  +2     6.87
orf00142   129348   130295  +3    13.01
orf00143   130285   131127  +1    11.00
orf00144   131149   131382  +1     5.88
orf00145   131385   133562  +3    11.25
orf00146   133570   134172  +1    11.29
orf00148   134728   134147  -2     9.60
orf00149   134769   135338  +3     9.20
orf00150   135338   136120  +2    12.46
orf00151   136105   137268  +1    11.85
orf00152   137255   138091  +2    10.00
orf00153   138112   139407  +1    10.82
orf00154   139397   140026  +2    11.66
orf00156   140040   141410  +3     9.02
orf00157   141391   142056  +1     5.85
orf00159   142081   142554  +1    10.01
orf00160   142563   143318  +3    10.62
orf00161   143311   143955  +1     6.68
orf00162   143936   144958  +2     7.79
orf00164   144973   146667  +1    10.65
orf00165   146674   148236  +1     9.25
orf00167   148239   149159  +3     9.90
orf00169   149199   151328  +3    11.52
orf00171   151306   152721  +1    11.85
orf00172   152768   153076  +2    12.57
orf00173   153082   153939  +1    11.03
orf00174   154963   153920  -2    12.25
orf00176   154999   155436  +1     7.58
orf00177   155444   156223  +2    13.03
orf00178   156223   156576  +1    10.18
orf00180   156566   158020  +2    11.55
orf00181   158023   158247  +1     4.58
orf00183   158323   158604  +1     8.92
orf00184   159006   158581  -1    10.87
orf00185   159778   158984  -2     5.90
orf00186   159798   160100  +3    11.27
orf00187   160914   160072  -1     6.88
orf00188   160963   162435  +1    11.68
orf00189   162422   163591  +2     9.67
orf00190   163591   165387  +1    12.00
orf00191   165471   167180  +3    11.44
orf00194   167553   168230  +3     8.83
orf00195   168421   169815  +1    15.18
orf00196   170009   169857  -3     2.25
orf00198   171581   171742  +2     2.11
orf00199   172126   172004  -2     0.13
orf00200   173964   173815  -1     0.26
orf00201   174568   174425  -2     2.11
orf00203   174977   175360  +2    10.42
orf00204   175338   175667  +3     7.17
orf00205   175805   179146  +2    11.64
orf00206   179151   180746  +3    14.36
orf00209   180746   181018  +2    11.31
orf00210   181005   182864  +3    15.12
orf00211   182851   183189  +1     7.78
orf00212   183214   184053  +1    13.24
orf00213   184053   184862  +3    12.20
orf00214   184875   186149  +3    11.07
orf00216   186136   187263  +1     9.67
orf00217   187302   188531  +3    12.80
orf00218   188607   189452  +3     9.91
orf00219   189498   189956  +3     8.90
orf00220   190046   190366  +2     9.16
orf00222   190370   191143  +2    13.66
orf00224   191143   191778  +1    15.18
orf00225   191782   192102  +1    12.55
orf00226   192102   192959  +3    11.18
orf00228   192959   193222  +2     8.32
orf00229   193225   193659  +1     9.60
orf00231   193662   194468  +3    12.88
orf00232   194474   194890  +2     9.24
orf00233   194890   195492  +1    11.90
orf00235   195492   195749  +3     8.96
orf00236   195765   196121  +3    10.38
orf00237   196121   196447  +2    15.20
orf00239   196453   196995  +1     7.77
orf00240   196998   197183  +3     6.40
orf00241   197177   197602  +2    11.49
orf00243   197609   198163  +2     9.81
orf00244   198165   198512  +3     8.63
orf00245   198517   199152  +1    15.23
orf00246   199158   199610  +3     8.70
orf00247   199610   201037  +2    11.91
orf00249   201031   201675  +1    13.53
orf00250   201678   202424  +3    10.90
orf00251   202424   202636  +2    10.96
orf00252   202647   202760  +3     3.64
orf00253   202760   203134  +2     8.56
orf00255   203134   203499  +1     6.39
orf00256   203515   204501  +1    12.12
orf00257   204514   204885  +1     9.97
orf00258   204872   205696  +2    13.92
orf00260   205681   206595  +1    11.80
orf00261   206588   207850  +2    11.13
orf00262   207843   208577  +3     7.02
orf00264   208567   210390  +1     9.43
orf00266   210391   211344  +1    11.33
orf00267   211489   211325  -2     3.12
orf00268   211444   213549  +1    13.13
orf00269   213585   214571  +3     8.20
orf00271   214831   215529  +1    13.05
orf00272   215501   215881  +2     5.79
orf00273   216016   216768  +1    13.72
orf00275   216761   218518  +2    15.11
orf00276   218641   218525  -2     2.49
orf00277   218644   219510  +1     6.44
orf00278   219482   220438  +2     4.96
orf00280   220440   220598  +3     7.81
orf00281   220607   221563  +2     9.66
orf00283   221570   225904  +2     8.58
orf00285   225906   229067  +3    15.28
orf00286   229203   229087  -1     5.48
orf00287   229168   229335  +1     7.79
orf00288   229470   229868  +3     5.26
orf00289   229988   230482  +2     6.13
orf00290   230633   231370  +2    11.82
orf00292   231545   231673  +2     4.14
orf00293   232009   233034  +1    12.48
orf00294   233038   235458  +1    12.87
orf00296   235517   236062  +2     9.62
orf00298   236065   236244  +1     8.97
orf00299   236247   236621  +3    11.18
orf00301   237300   236593  -1    12.66
orf00302   237347   239152  +2    16.53
orf00303   239164   239817  +1    14.05
orf00304   239827   240195  +1     8.48
orf00305   240323   242224  +2    12.57
orf00307   242224   244569  +1    13.38
orf00309   245597   244566  -3    13.64
orf00310   245633   247426  +2    12.81
orf00311   247431   247910  +3     8.26
orf00312   248493   247903  -1    10.41
orf00313   249403   248477  -2    11.18
orf00314   249948   249403  -1     5.88
orf00315   250149   250808  +3    11.02
orf00316   250808   250996  +2     5.78
orf00317   250998   251441  +3    14.38
orf00319   251444   251788  +2    10.58
orf00320   251781   252587  +3     9.11
orf00321   252553   253995  +1    10.45
orf00322   253979   254602  +2    13.57
orf00323   254621   255592  +2    12.76
orf00325   255595   257121  +1    12.06
orf00326   258041   259159  +2    16.87
orf00329   259177   264594  +1    12.85
orf00333   264597   265637  +3    12.42
orf00334   265630   266043  +1    15.30
orf00336   266383   266075  -2     7.29
orf00337   266666   267091  +2    10.41
orf00338   267081   268010  +3    12.69
orf00339   268012   269247  +1    13.41
orf00340   269250   270359  +3    13.97
orf00341   270405   271874  +3     7.90
orf00343   271840   273318  +1     8.54
orf00344   273469   273320  -2    10.12
orf00346   273580   273720  +1     9.27
orf00348   273790   274653  +1    11.07
orf00349   274653   275135  +3     7.70
orf00351   275141   276163  +2     9.96
orf00352   276167   276628  +2     7.72
orf00353   276647   278812  +2    11.62
orf00354   278905   279207  +1    10.26
orf00355   279200   279499  +2    10.67
orf00356   279492   279806  +3     8.49
orf00357   279799   280674  +1    12.29
orf00358   280664   281086  +2     6.49
orf00359   281079   281963  +3    13.06
orf00360   281993   283327  +2    13.88
orf00361   283396   285783  +1    12.95
orf00362   286832   285780  -3    12.30
orf00364   286885   288747  +1    10.31
orf00365   288753   290645  +3    10.25
orf00366   290648   291328  +2     8.60
orf00367   291334   293445  +1    11.14
orf00368   293448   293945  +3    10.89
orf00369   293938   294783  +1    12.93
orf00371   295486   294767  -2     4.58
orf00372   296129   295473  -3     9.16
orf00373   297606   296113  -1    12.21
orf00374   299474   297651  -3    10.45
orf00376   300804   299464  -1     8.89
orf00377   301552   300824  -2    10.82
orf00379   302841   301555  -1    10.58
orf00380   304822   302846  -2    11.61
orf00382   305001   306098  +3     7.12
orf00384   306205   306654  +1     8.38
orf00385   306821   307591  +2     9.13
orf00387   307637   307930  +2     6.37
orf00388   307930   309009  +1    13.53
orf00389   309010   310380  +1     9.69
orf00391   310511   312808  +2    12.16
orf00392   312846   313250  +3     8.65
orf00394   313367   313879  +2     6.71
orf00395   314225   315232  +2    13.21
orf00397   315467   315697  +2    10.52
orf00398   315701   318325  +2    10.97
orf00399   318332   319207  +2    13.00
orf00400   319207   320061  +1    10.27
orf00401   320177   321052  +2    12.61
orf00403   322414   321578  -2     8.83
orf00404   324811   322433  -2    10.47
orf00405   325159   324812  -2     7.49
orf00406   325879   325193  -2    10.32
orf00407   327052   326030  -2    13.98
orf00408   327431   327045  -3    14.40
orf00412   328443   327433  -1    11.43
orf00414   329827   328454  -2    13.45
orf00415   330985   329831  -2    15.10
orf00416   331072   331206  +1     0.19
orf00417   332215   331235  -2    11.53
orf00418   333309   332233  -1    11.92
orf00419   334773   333337  -1    12.43
orf00421   335398   334856  -2    13.99
orf00423   338249   335412  -3     7.80
orf00424   338367   340529  +3    11.03
orf00425   341182   340526  -2    11.96
orf00426   341921   341175  -3    12.50
orf00427   343703   342033  -3    13.27
orf00428   344850   344365  -1     9.66
orf00429   345031   345165  +1     9.48
orf00430   345182   346633  +2    11.15
orf00431   346854   347252  +3     2.51
orf00432   347215   348258  +1     9.78
orf00433   348261   348851  +3    10.66
orf00434   348883   349137  +1    11.84
orf00435   349282   349677  +1     9.20
orf00436   349797   350327  +3     7.55
orf00438   350455   351825  +1    14.33
orf00439   353035   351791  -2    11.19
orf00441   353682   353299  -1     3.41
orf00443   354024   355130  +3     7.97
orf00444   355120   355857  +1     9.84
orf00445   355847   357478  +2     7.30
orf00446   357891   357475  -1     7.67
orf00448   360593   357891  -3    10.34
orf00450   361385   360651  -3    10.08
orf00452   362796   361378  -1     9.07
orf00453   364023   362920  -1    10.08
orf00454   364415   364026  -3     7.75
orf00455   365575   364535  -2    13.68
orf00456   368530   365582  -2    14.71
orf00457   369695   368733  -3    14.85
orf00458   370948   369713  -2    12.73
orf00460   371963   370950  -3    11.22
orf00461   372947   371994  -3     8.55
orf00462   373999   372926  -2    12.31
orf00463   374793   373981  -1     9.99
orf00466   376706   374919  -3    12.54
orf00468   377975   376794  -3    10.63
orf00469   381508   377975  -2    12.48
orf00471   382725   381493  -1    11.04
orf00472   386409   382732  -1    12.18
orf00473   386463   387269  +3    11.28
orf00474   387893   387276  -3     8.70
orf00475   391335   387916  -1    15.12
orf00476   392240   391395  -3    10.14
orf00477   393634   392303  -2    11.27
orf00478   394374   393658  -1     9.15
orf00479   395584   394475  -2     5.26
orf00481   397424   395625  -3     8.97
orf00482   398281   397439  -2    10.48
orf00485   398792   398298  -3    10.04
orf00486   399798   398938  -1     9.56
orf00487   402766   402942  +1     5.79
orf00488   402767   400119  -3    12.59
orf00490   403141   402998  -2     5.26
orf00492   405420   403723  -1     9.43
orf00493   405456   406139  +3    14.25
orf00494   406459   406638  +1     0.46
orf00495   407739   406975  -1     8.24
orf00496   408793   407729  -2     9.12
orf00497   409858   408971  -2    11.70
orf00498   410677   409871  -2     7.53
orf00500   412934   410664  -3    14.88
orf00501   414319   412973  -2    10.96
orf00502   414976   414323  -2    11.71
orf00503   415623   414985  -1     9.86
orf00504   416330   415611  -3    12.05
orf00505   416930   416337  -3    11.97
orf00506   419480   416967  -3     9.35
orf00507   420045   419470  -1     5.52
orf00508   420274   420053  -2     8.15
orf00509   420333   421358  +3     6.77
orf00510   421467   422693  +3     9.04
orf00511   422697   423113  +3     9.91
orf00512   426912   423100  -1    10.96
orf00513   428112   427090  -1     9.47
orf00514   428325   429662  +3    13.40
orf00516   430098   430583  +3     4.35
orf00517   434458   430580  -2    11.20
orf00518   438640   434468  -2    12.07
orf00519   439206   438730  -1     9.63
orf00520   440355   439315  -1     9.24
orf00521   441180   440359  -1     8.06
orf00522   443878   441191  -2     9.32
orf00523   443922   444422  +3     4.64
orf00524   444413   445045  +2    10.66
orf00526   446165   445197  -3    10.74
orf00527   446572   446423  -2     2.13
orf00528   446618   447790  +2     9.07
orf00529   447790   448725  +1     8.83
orf00530   449617   448943  -2     6.05
orf00531   449665   450219  +1     7.50
orf00532   450222   450722  +3     6.62
orf00533   451048   450719  -2     4.51
orf00534   451197   451610  +3     6.94
orf00535   453757   451613  -2    10.36
orf00536   454753   453911  -2     8.38
orf00537   455947   454766  -2    11.01
orf00539   456055   456264  +1     3.78
orf00540   456633   456752  +3     3.66
orf00541   456755   457372  +2     8.88
orf00542   457347   458270  +3     6.96
orf00543   459495   458260  -1     8.25
orf00544   459615   460103  +3     8.54
orf00545   460126   460494  +1    15.33
orf00547   460951   460685  -2    10.27
orf00548   461015   461689  +2    10.89
orf00549   461682   462617  +3     7.13
orf00550   462619   464622  +1     8.35
orf00551   465434   464646  -3    10.49
orf00552   466410   465424  -1     7.51
orf00553   468050   466410  -3     7.61
orf00554   469123   468152  -2     4.99
orf00556   470084   469110  -3     5.94
orf00557   471234   470077  -1    10.19
orf00558   472066   471221  -2     9.47
orf00560   472891   472067  -2     4.09
orf00561   474578   472884  -3     5.76
orf00562   474874   474578  -2     3.57
orf00563   475479   474898  -1    13.19
orf00564   477139   475526  -2     8.92
orf00565   477168   479006  +3     9.95
orf00566   478999   479577  +1     7.22
orf00567   479570   480226  +2     4.93
orf00569   480691   481332  +1     7.46
orf00570   482075   481329  -3    11.25
orf00571   483369   482068  -1    10.05
orf00573   483986   483369  -3     3.14
orf00574   484699   483989  -2     4.71
orf00576   489552   484702  -1    11.49
orf00577   490711   489839  -2     9.06
orf00579   491004   490699  -1     4.06
orf00580   491530   491147  -2     4.77
orf00581   493516   491534  -2     9.33
orf00583   494967   493624  -1    10.00
orf00585   496615   494984  -2    15.21
orf00587   496918   496628  -2    10.98
orf00588   498306   497086  -1    10.24
orf00589   499890   498316  -1    10.32
orf00591   500280   499999  -1     8.16
orf00592   500719   500261  -2     8.85
orf00593   502420   500720  -2     8.10
orf00594   502823   502422  -3    10.16
orf00595   504258   502828  -1    12.00
orf00596   505099   504260  -2     8.71
orf00597   506655   505099  -1    11.03
orf00598   507201   506671  -1     7.95
orf00599   507820   507194  -2    10.30
orf00600   508131   507823  -1    11.65
orf00601   509012   508134  -3     7.49
orf00602   509039   509182  +2     5.48
orf00604   509198   509470  +2     7.01
orf00605   510836   509460  -3    11.22
orf00606   510903   511376  +3     6.88
orf00608   512050   511373  -2     5.53
orf00609   513042   512053  -1     9.01
orf00611   514991   513027  -3     7.15
orf00612   516124   514991  -2     9.52
orf00613   519355   516245  -2     7.37
orf00614   521414   519420  -3     9.11
orf00615   521868   521470  -1     7.40
orf00616   522314   521874  -3     6.32
orf00617   524145   522352  -1    10.32
orf00618   527009   524151  -3    10.13
orf00619   529494   526987  -1     7.87
orf00620   531217   529532  -2    10.12
orf00621   531480   531220  -1     5.81
orf00622   531669   533018  +3     9.03
orf00623   533041   533235  +1     2.35
orf00625   533271   533696  +3     4.23
orf00626   533807   534322  +2     3.94
orf00627   536037   534319  -1    12.20
orf00628   537564   536041  -1    10.05
orf00630   538291   537557  -2    11.53
orf00631   539547   538351  -1     8.70
orf00632   539633   540529  +2    12.69
orf00633   540510   541241  +3    12.51
orf00634   541241   541792  +2     8.61
orf00635   541793   542986  +2     8.14
orf00636   543006   544157  +3     8.80
orf00638   545380   544562  -2    10.00
orf00639   546156   545380  -1     7.49
orf00640   546190   546309  +1     5.83
orf00642   546709   546299  -2     2.22
orf00644   547647   546880  -1    10.39
orf00645   548761   547664  -2     7.83
orf00646   548751   548870  +3     5.25
orf00647   549226   548867  -2     9.78
orf00648   549842   549210  -3     9.75
orf00650   550168   549905  -2     3.64
orf00651   552446   550803  -3     9.01
orf00652   552899   552447  -3     9.42
orf00653   553297   552863  -2     8.08
orf00654   553485   553318  -1     8.76
orf00655   554430   553558  -1     9.15
orf00656   555614   554430  -3    13.68
orf00657   555697   556452  +1     5.00
orf00659   556437   557315  +3    13.95
orf00660   557727   557305  -1    10.90
orf00661   557759   558949  +2    12.07
orf00662   559943   558939  -3    10.40
orf00663   560512   559931  -2     7.13
orf00664   562604   560496  -3    13.06
orf00665   562763   562605  -3     4.88
orf00666   563309   562782  -3     8.47
orf00668   563820   563311  -1     8.60
orf00670   563993   564931  +2    11.74
orf00671   566205   564928  -1    10.12
orf00672   567640   566186  -2    10.94
orf00673   568406   567627  -3     7.23
orf00674   569556   568399  -1     9.99
orf00676   569893   569528  -2     3.70
orf00677   570029   569883  -3    10.03
orf00678   570990   570055  -1     9.41
orf00679   576345   570994  -1    11.14
orf00680   577205   576351  -3    10.35
orf00681   578581   577268  -2     8.95
orf00682   579234   578581  -1     8.40
orf00683   579841   579224  -2     4.66
